2:         FCFS queue: 0 
2:         RR queue: 1 
2:         RR queue: 1 2 
2:         RR queue: 1 2 3 
2:         RR queue: 1 2 3 4 
2:         RR queue: 1 2 3 4 5 
2:         RR queue: 1 2 3 4 5 6 
2:         RR queue: 1 2 3 4 5 6 
3.25:      RR queue: 2 3 4 5 6 
6:         FCFS queue: 0 7 
6:         RR queue: 3 4 5 6 8 
6:         RR queue: 3 4 5 6 8 9 
6:         RR queue: 3 4 5 6 8 9 10 
6:         RR queue: 3 4 5 6 8 9 10 11 
6:         RR queue: 3 4 5 6 8 9 10 11 12 
13:        FCFS queue: 0 7 13 
13:        RR queue: 3 4 5 6 8 9 10 11 12 14 
13:        RR queue: 3 4 5 6 8 9 10 11 12 14 15 
13:        RR queue: 3 4 5 6 8 9 10 11 12 14 15 16 
13.25:     FCFS queue: 0 7 13 2 
13.25:     RR queue: 3 4 5 6 8 9 10 11 12 14 15 16 
23.25:     FCFS queue: 0 7 13 2 3 
23.25:     RR queue: 4 5 6 8 9 10 11 12 14 15 16 
33.25:     FCFS queue: 0 7 13 2 3 4 
33.25:     RR queue: 5 6 8 9 10 11 12 14 15 16 
33.5:      RR queue: 6 8 9 10 11 12 14 15 16 
34.75:     RR queue: 8 9 10 11 12 14 15 16 
44.75:     FCFS queue: 0 7 13 2 3 4 8 
44.75:     RR queue: 9 10 11 12 14 15 16 
49:        FCFS queue: 0 7 13 2 3 4 8 17 
49:        RR queue: 10 11 12 14 15 16 18 
49:        RR queue: 10 11 12 14 15 16 18 19 
49:        RR queue: 10 11 12 14 15 16 18 19 20 
53.0:      RR queue: 10 11 12 14 15 16 18 19 20 
54.25:     RR queue: 11 12 14 15 16 18 19 20 
64.25:     FCFS queue: 0 7 13 2 3 4 8 17 11 
64.25:     RR queue: 12 14 15 16 18 19 20 
65.5:      RR queue: 14 15 16 18 19 20 
68.75:     RR queue: 15 16 18 19 20 
71.0:      RR queue: 16 18 19 20 
73:        FCFS queue: 0 7 13 2 3 4 8 17 11 21 
73:        RR queue: 18 19 20 22 
73:        RR queue: 18 19 20 22 23 
73:        RR queue: 18 19 20 22 23 24 
73:        RR queue: 18 19 20 22 23 24 25 
73:        RR queue: 18 19 20 22 23 24 25 26 
73:        RR queue: 18 19 20 22 23 24 25 26 27 
73.25:     RR queue: 18 19 20 22 23 24 25 26 27 
82:        FCFS queue: 0 7 13 2 3 4 8 17 11 21 28 
82:        RR queue: 19 20 22 23 24 25 26 27 29 
82:        RR queue: 19 20 22 23 24 25 26 27 29 30 
82:        RR queue: 19 20 22 23 24 25 26 27 29 30 31 
82:        RR queue: 19 20 22 23 24 25 26 27 29 30 31 32 
82.5:      RR queue: 19 20 22 23 24 25 26 27 29 30 31 32 
92.5:      FCFS queue: 0 7 13 2 3 4 8 17 11 21 28 19 
92.5:      RR queue: 20 22 23 24 25 26 27 29 30 31 32 
96.75:     RR queue: 22 23 24 25 26 27 29 30 31 32 
99.0:      RR queue: 23 24 25 26 27 29 30 31 32 
104.25:    RR queue: 24 25 26 27 29 30 31 32 
114.25:    FCFS queue: 0 7 13 2 3 4 8 17 11 21 28 19 24 
114.25:    RR queue: 25 26 27 29 30 31 32 
124.25:    FCFS queue: 0 7 13 2 3 4 8 17 11 21 28 19 24 25 
124.25:    RR queue: 26 27 29 30 31 32 
126.5:     RR queue: 27 29 30 31 32 
127.75:    RR queue: 29 30 31 32 
134.0:     RR queue: 30 31 32 
141.25:    RR queue: 31 32 
147.5:     RR queue: 32 
148.75:    FCFS queue: 0 7 13 2 3 4 8 17 11 21 28 19 24 25 
152:       FCFS queue: 7 13 2 3 4 8 17 11 21 28 19 24 25 33 
152:       RR queue: 34 
152:       RR queue: 34 35 
152:       RR queue: 34 35 36 
152:       FCFS queue: 7 13 2 3 4 8 17 11 21 28 19 24 25 33 0 
152:       RR queue: 34 35 36 
156:       FCFS queue: 7 13 2 3 4 8 17 11 21 28 19 24 25 33 0 37 
156:       RR queue: 35 36 38 
156:       RR queue: 35 36 38 39 
156:       RR queue: 35 36 38 39 40 
156:       RR queue: 35 36 38 39 40 41 
156:       RR queue: 35 36 38 39 40 41 42 
160.25:    RR queue: 35 36 38 39 40 41 42 
170.25:    FCFS queue: 7 13 2 3 4 8 17 11 21 28 19 24 25 33 0 37 35 
170.25:    RR queue: 36 38 39 40 41 42 
178:       FCFS queue: 7 13 2 3 4 8 17 11 21 28 19 24 25 33 0 37 35 43 
178:       RR queue: 38 39 40 41 42 44 
178:       RR queue: 38 39 40 41 42 44 45 
178:       RR queue: 38 39 40 41 42 44 45 46 
178:       RR queue: 38 39 40 41 42 44 45 46 47 
178:       RR queue: 38 39 40 41 42 44 45 46 47 48 
178:       RR queue: 38 39 40 41 42 44 45 46 47 48 49 
180.25:    FCFS queue: 7 13 2 3 4 8 17 11 21 28 19 24 25 33 0 37 35 43 36 
180.25:    RR queue: 38 39 40 41 42 44 45 46 47 48 49 
190.25:    FCFS queue: 7 13 2 3 4 8 17 11 21 28 19 24 25 33 0 37 35 43 36 38 
190.25:    RR queue: 39 40 41 42 44 45 46 47 48 49 
197:       FCFS queue: 7 13 2 3 4 8 17 11 21 28 19 24 25 33 0 37 35 43 36 38 50 
197:       RR queue: 40 41 42 44 45 46 47 48 49 51 
197:       RR queue: 40 41 42 44 45 46 47 48 49 51 52 
197:       RR queue: 40 41 42 44 45 46 47 48 49 51 52 53 
198:       FCFS queue: 7 13 2 3 4 8 17 11 21 28 19 24 25 33 0 37 35 43 36 38 50 54 
198:       RR queue: 40 41 42 44 45 46 47 48 49 51 52 53 55 
198:       RR queue: 40 41 42 44 45 46 47 48 49 51 52 53 55 56 
198:       RR queue: 40 41 42 44 45 46 47 48 49 51 52 53 55 56 57 
198:       RR queue: 40 41 42 44 45 46 47 48 49 51 52 53 55 56 57 58 
198:       RR queue: 40 41 42 44 45 46 47 48 49 51 52 53 55 56 57 58 59 
200.25:    FCFS queue: 7 13 2 3 4 8 17 11 21 28 19 24 25 33 0 37 35 43 36 38 50 54 39 
200.25:    RR queue: 40 41 42 44 45 46 47 48 49 51 52 53 55 56 57 58 59 
210.25:    FCFS queue: 7 13 2 3 4 8 17 11 21 28 19 24 25 33 0 37 35 43 36 38 50 54 39 40 
210.25:    RR queue: 41 42 44 45 46 47 48 49 51 52 53 55 56 57 58 59 
220.25:    FCFS queue: 7 13 2 3 4 8 17 11 21 28 19 24 25 33 0 37 35 43 36 38 50 54 39 40 41 
220.25:    RR queue: 42 44 45 46 47 48 49 51 52 53 55 56 57 58 59 
221.5:     RR queue: 44 45 46 47 48 49 51 52 53 55 56 57 58 59 
228.75:    RR queue: 45 46 47 48 49 51 52 53 55 56 57 58 59 
238.0:     RR queue: 46 47 48 49 51 52 53 55 56 57 58 59 
240:       FCFS queue: 7 13 2 3 4 8 17 11 21 28 19 24 25 33 0 37 35 43 36 38 50 54 39 40 41 60 
240:       RR queue: 47 48 49 51 52 53 55 56 57 58 59 61 
240:       RR queue: 47 48 49 51 52 53 55 56 57 58 59 61 62 
240:       RR queue: 47 48 49 51 52 53 55 56 57 58 59 61 62 63 
246.25:    RR queue: 47 48 49 51 52 53 55 56 57 58 59 61 62 63 
247.5:     RR queue: 48 49 51 52 53 55 56 57 58 59 61 62 63 
254:       FCFS queue: 7 13 2 3 4 8 17 11 21 28 19 24 25 33 0 37 35 43 36 38 50 54 39 40 41 60 64 
254:       RR queue: 49 51 52 53 55 56 57 58 59 61 62 63 65 
254:       RR queue: 49 51 52 53 55 56 57 58 59 61 62 63 65 66 
254:       RR queue: 49 51 52 53 55 56 57 58 59 61 62 63 65 66 67 
254:       RR queue: 49 51 52 53 55 56 57 58 59 61 62 63 65 66 67 68 
254:       RR queue: 49 51 52 53 55 56 57 58 59 61 62 63 65 66 67 68 69 
254:       RR queue: 49 51 52 53 55 56 57 58 59 61 62 63 65 66 67 68 69 70 
257.5:     FCFS queue: 7 13 2 3 4 8 17 11 21 28 19 24 25 33 0 37 35 43 36 38 50 54 39 40 41 60 64 48 
257.5:     RR queue: 49 51 52 53 55 56 57 58 59 61 62 63 65 66 67 68 69 70 
267.5:     FCFS queue: 7 13 2 3 4 8 17 11 21 28 19 24 25 33 0 37 35 43 36 38 50 54 39 40 41 60 64 48 49 
267.5:     RR queue: 51 52 53 55 56 57 58 59 61 62 63 65 66 67 68 69 70 
269:       FCFS queue: 7 13 2 3 4 8 17 11 21 28 19 24 25 33 0 37 35 43 36 38 50 54 39 40 41 60 64 48 49 71 
269:       RR queue: 52 53 55 56 57 58 59 61 62 63 65 66 67 68 69 70 72 
269:       RR queue: 52 53 55 56 57 58 59 61 62 63 65 66 67 68 69 70 72 73 
269:       RR queue: 52 53 55 56 57 58 59 61 62 63 65 66 67 68 69 70 72 73 74 
269:       RR queue: 52 53 55 56 57 58 59 61 62 63 65 66 67 68 69 70 72 73 74 75 
269:       RR queue: 52 53 55 56 57 58 59 61 62 63 65 66 67 68 69 70 72 73 74 75 76 
277.5:     FCFS queue: 7 13 2 3 4 8 17 11 21 28 19 24 25 33 0 37 35 43 36 38 50 54 39 40 41 60 64 48 49 71 51 
277.5:     RR queue: 52 53 55 56 57 58 59 61 62 63 65 66 67 68 69 70 72 73 74 75 76 
287.5:     FCFS queue: 7 13 2 3 4 8 17 11 21 28 19 24 25 33 0 37 35 43 36 38 50 54 39 40 41 60 64 48 49 71 51 52 
287.5:     RR queue: 53 55 56 57 58 59 61 62 63 65 66 67 68 69 70 72 73 74 75 76 
288.75:    RR queue: 55 56 57 58 59 61 62 63 65 66 67 68 69 70 72 73 74 75 76 
298.75:    FCFS queue: 7 13 2 3 4 8 17 11 21 28 19 24 25 33 0 37 35 43 36 38 50 54 39 40 41 60 64 48 49 71 51 52 55 
298.75:    RR queue: 56 57 58 59 61 62 63 65 66 67 68 69 70 72 73 74 75 76 
308.75:    FCFS queue: 7 13 2 3 4 8 17 11 21 28 19 24 25 33 0 37 35 43 36 38 50 54 39 40 41 60 64 48 49 71 51 52 55 56 
308.75:    RR queue: 57 58 59 61 62 63 65 66 67 68 69 70 72 73 74 75 76 
309.0:     RR queue: 58 59 61 62 63 65 66 67 68 69 70 72 73 74 75 76 
319.0:     FCFS queue: 7 13 2 3 4 8 17 11 21 28 19 24 25 33 0 37 35 43 36 38 50 54 39 40 41 60 64 48 49 71 51 52 55 56 58 
319.0:     RR queue: 59 61 62 63 65 66 67 68 69 70 72 73 74 75 76 
323:       FCFS queue: 7 13 2 3 4 8 17 11 21 28 19 24 25 33 0 37 35 43 36 38 50 54 39 40 41 60 64 48 49 71 51 52 55 56 58 77 
323:       RR queue: 61 62 63 65 66 67 68 69 70 72 73 74 75 76 78 
323:       RR queue: 61 62 63 65 66 67 68 69 70 72 73 74 75 76 78 79 
323:       RR queue: 61 62 63 65 66 67 68 69 70 72 73 74 75 76 78 79 80 
323:       RR queue: 61 62 63 65 66 67 68 69 70 72 73 74 75 76 78 79 80 81 
323:       RR queue: 61 62 63 65 66 67 68 69 70 72 73 74 75 76 78 79 80 81 82 
325.25:    RR queue: 61 62 63 65 66 67 68 69 70 72 73 74 75 76 78 79 80 81 82 
335.25:    FCFS queue: 7 13 2 3 4 8 17 11 21 28 19 24 25 33 0 37 35 43 36 38 50 54 39 40 41 60 64 48 49 71 51 52 55 56 58 77 61 
335.25:    RR queue: 62 63 65 66 67 68 69 70 72 73 74 75 76 78 79 80 81 82 
339.5:     RR queue: 63 65 66 67 68 69 70 72 73 74 75 76 78 79 80 81 82 
344.75:    RR queue: 65 66 67 68 69 70 72 73 74 75 76 78 79 80 81 82 
345:       FCFS queue: 7 13 2 3 4 8 17 11 21 28 19 24 25 33 0 37 35 43 36 38 50 54 39 40 41 60 64 48 49 71 51 52 55 56 58 77 61 83 
345:       RR queue: 66 67 68 69 70 72 73 74 75 76 78 79 80 81 82 84 
345:       RR queue: 66 67 68 69 70 72 73 74 75 76 78 79 80 81 82 84 85 
345:       RR queue: 66 67 68 69 70 72 73 74 75 76 78 79 80 81 82 84 85 86 
345:       RR queue: 66 67 68 69 70 72 73 74 75 76 78 79 80 81 82 84 85 86 87 
354.75:    FCFS queue: 7 13 2 3 4 8 17 11 21 28 19 24 25 33 0 37 35 43 36 38 50 54 39 40 41 60 64 48 49 71 51 52 55 56 58 77 61 83 65 
354.75:    RR queue: 66 67 68 69 70 72 73 74 75 76 78 79 80 81 82 84 85 86 87 
357.0:     RR queue: 67 68 69 70 72 73 74 75 76 78 79 80 81 82 84 85 86 87 
360:       FCFS queue: 7 13 2 3 4 8 17 11 21 28 19 24 25 33 0 37 35 43 36 38 50 54 39 40 41 60 64 48 49 71 51 52 55 56 58 77 61 83 65 88 
360:       RR queue: 68 69 70 72 73 74 75 76 78 79 80 81 82 84 85 86 87 89 
360:       RR queue: 68 69 70 72 73 74 75 76 78 79 80 81 82 84 85 86 87 89 90 
360:       RR queue: 68 69 70 72 73 74 75 76 78 79 80 81 82 84 85 86 87 89 90 91 
360:       RR queue: 68 69 70 72 73 74 75 76 78 79 80 81 82 84 85 86 87 89 90 91 92 
361.25:    RR queue: 68 69 70 72 73 74 75 76 78 79 80 81 82 84 85 86 87 89 90 91 92 
364:       FCFS queue: 7 13 2 3 4 8 17 11 21 28 19 24 25 33 0 37 35 43 36 38 50 54 39 40 41 60 64 48 49 71 51 52 55 56 58 77 61 83 65 88 93 
364:       RR queue: 69 70 72 73 74 75 76 78 79 80 81 82 84 85 86 87 89 90 91 92 94 
364:       RR queue: 69 70 72 73 74 75 76 78 79 80 81 82 84 85 86 87 89 90 91 92 94 95 
364:       RR queue: 69 70 72 73 74 75 76 78 79 80 81 82 84 85 86 87 89 90 91 92 94 95 96 
364:       RR queue: 69 70 72 73 74 75 76 78 79 80 81 82 84 85 86 87 89 90 91 92 94 95 96 97 
371.25:    FCFS queue: 7 13 2 3 4 8 17 11 21 28 19 24 25 33 0 37 35 43 36 38 50 54 39 40 41 60 64 48 49 71 51 52 55 56 58 77 61 83 65 88 93 68 
371.25:    RR queue: 69 70 72 73 74 75 76 78 79 80 81 82 84 85 86 87 89 90 91 92 94 95 96 97 
381.25:    FCFS queue: 7 13 2 3 4 8 17 11 21 28 19 24 25 33 0 37 35 43 36 38 50 54 39 40 41 60 64 48 49 71 51 52 55 56 58 77 61 83 65 88 93 68 69 
381.25:    RR queue: 70 72 73 74 75 76 78 79 80 81 82 84 85 86 87 89 90 91 92 94 95 96 97 
390.5:     RR queue: 72 73 74 75 76 78 79 80 81 82 84 85 86 87 89 90 91 92 94 95 96 97 
398.75:    RR queue: 73 74 75 76 78 79 80 81 82 84 85 86 87 89 90 91 92 94 95 96 97 
399:       FCFS queue: 7 13 2 3 4 8 17 11 21 28 19 24 25 33 0 37 35 43 36 38 50 54 39 40 41 60 64 48 49 71 51 52 55 56 58 77 61 83 65 88 93 68 69 98 
399:       RR queue: 74 75 76 78 79 80 81 82 84 85 86 87 89 90 91 92 94 95 96 97 99 
399:       RR queue: 74 75 76 78 79 80 81 82 84 85 86 87 89 90 91 92 94 95 96 97 99 100 
399:       RR queue: 74 75 76 78 79 80 81 82 84 85 86 87 89 90 91 92 94 95 96 97 99 100 101 
408.75:    FCFS queue: 7 13 2 3 4 8 17 11 21 28 19 24 25 33 0 37 35 43 36 38 50 54 39 40 41 60 64 48 49 71 51 52 55 56 58 77 61 83 65 88 93 68 69 98 73 
408.75:    RR queue: 74 75 76 78 79 80 81 82 84 85 86 87 89 90 91 92 94 95 96 97 99 100 101 
413.0:     RR queue: 75 76 78 79 80 81 82 84 85 86 87 89 90 91 92 94 95 96 97 99 100 101 
416.25:    RR queue: 76 78 79 80 81 82 84 85 86 87 89 90 91 92 94 95 96 97 99 100 101 
426.25:    FCFS queue: 7 13 2 3 4 8 17 11 21 28 19 24 25 33 0 37 35 43 36 38 50 54 39 40 41 60 64 48 49 71 51 52 55 56 58 77 61 83 65 88 93 68 69 98 73 76 
426.25:    RR queue: 78 79 80 81 82 84 85 86 87 89 90 91 92 94 95 96 97 99 100 101 
427:       FCFS queue: 7 13 2 3 4 8 17 11 21 28 19 24 25 33 0 37 35 43 36 38 50 54 39 40 41 60 64 48 49 71 51 52 55 56 58 77 61 83 65 88 93 68 69 98 73 76 102 
427:       RR queue: 79 80 81 82 84 85 86 87 89 90 91 92 94 95 96 97 99 100 101 103 
427:       RR queue: 79 80 81 82 84 85 86 87 89 90 91 92 94 95 96 97 99 100 101 103 104 
427:       RR queue: 79 80 81 82 84 85 86 87 89 90 91 92 94 95 96 97 99 100 101 103 104 105 
427:       RR queue: 79 80 81 82 84 85 86 87 89 90 91 92 94 95 96 97 99 100 101 103 104 105 106 
429.5:     RR queue: 79 80 81 82 84 85 86 87 89 90 91 92 94 95 96 97 99 100 101 103 104 105 106 
439.5:     FCFS queue: 7 13 2 3 4 8 17 11 21 28 19 24 25 33 0 37 35 43 36 38 50 54 39 40 41 60 64 48 49 71 51 52 55 56 58 77 61 83 65 88 93 68 69 98 73 76 102 79 
439.5:     RR queue: 80 81 82 84 85 86 87 89 90 91 92 94 95 96 97 99 100 101 103 104 105 106 
440.75:    RR queue: 81 82 84 85 86 87 89 90 91 92 94 95 96 97 99 100 101 103 104 105 106 
445.0:     RR queue: 82 84 85 86 87 89 90 91 92 94 95 96 97 99 100 101 103 104 105 106 
455.0:     FCFS queue: 7 13 2 3 4 8 17 11 21 28 19 24 25 33 0 37 35 43 36 38 50 54 39 40 41 60 64 48 49 71 51 52 55 56 58 77 61 83 65 88 93 68 69 98 73 76 102 79 82 
455.0:     RR queue: 84 85 86 87 89 90 91 92 94 95 96 97 99 100 101 103 104 105 106 
461.25:    RR queue: 85 86 87 89 90 91 92 94 95 96 97 99 100 101 103 104 105 106 
464.5:     RR queue: 86 87 89 90 91 92 94 95 96 97 99 100 101 103 104 105 106 
465.75:    RR queue: 87 89 90 91 92 94 95 96 97 99 100 101 103 104 105 106 
468.0:     RR queue: 89 90 91 92 94 95 96 97 99 100 101 103 104 105 106 
468.25:    RR queue: 90 91 92 94 95 96 97 99 100 101 103 104 105 106 
475.5:     RR queue: 91 92 94 95 96 97 99 100 101 103 104 105 106 
475.75:    RR queue: 92 94 95 96 97 99 100 101 103 104 105 106 
476.0:     RR queue: 94 95 96 97 99 100 101 103 104 105 106 
476.25:    RR queue: 95 96 97 99 100 101 103 104 105 106 
486.25:    FCFS queue: 7 13 2 3 4 8 17 11 21 28 19 24 25 33 0 37 35 43 36 38 50 54 39 40 41 60 64 48 49 71 51 52 55 56 58 77 61 83 65 88 93 68 69 98 73 76 102 79 82 95 
486.25:    RR queue: 96 97 99 100 101 103 104 105 106 
490:       FCFS queue: 7 13 2 3 4 8 17 11 21 28 19 24 25 33 0 37 35 43 36 38 50 54 39 40 41 60 64 48 49 71 51 52 55 56 58 77 61 83 65 88 93 68 69 98 73 76 102 79 82 95 107 
490:       RR queue: 97 99 100 101 103 104 105 106 108 
490:       RR queue: 97 99 100 101 103 104 105 106 108 109 
490:       RR queue: 97 99 100 101 103 104 105 106 108 109 110 
490:       RR queue: 97 99 100 101 103 104 105 106 108 109 110 111 
496.25:    FCFS queue: 7 13 2 3 4 8 17 11 21 28 19 24 25 33 0 37 35 43 36 38 50 54 39 40 41 60 64 48 49 71 51 52 55 56 58 77 61 83 65 88 93 68 69 98 73 76 102 79 82 95 107 96 
496.25:    RR queue: 97 99 100 101 103 104 105 106 108 109 110 111 
496.5:     RR queue: 99 100 101 103 104 105 106 108 109 110 111 
506.5:     FCFS queue: 7 13 2 3 4 8 17 11 21 28 19 24 25 33 0 37 35 43 36 38 50 54 39 40 41 60 64 48 49 71 51 52 55 56 58 77 61 83 65 88 93 68 69 98 73 76 102 79 82 95 107 96 99 
506.5:     RR queue: 100 101 103 104 105 106 108 109 110 111 
510.75:    RR queue: 101 103 104 105 106 108 109 110 111 
513:       FCFS queue: 7 13 2 3 4 8 17 11 21 28 19 24 25 33 0 37 35 43 36 38 50 54 39 40 41 60 64 48 49 71 51 52 55 56 58 77 61 83 65 88 93 68 69 98 73 76 102 79 82 95 107 96 99 112 
513:       RR queue: 103 104 105 106 108 109 110 111 113 
513:       RR queue: 103 104 105 106 108 109 110 111 113 114 
513:       RR queue: 103 104 105 106 108 109 110 111 113 114 115 
514.0:     RR queue: 103 104 105 106 108 109 110 111 113 114 115 
524.0:     FCFS queue: 7 13 2 3 4 8 17 11 21 28 19 24 25 33 0 37 35 43 36 38 50 54 39 40 41 60 64 48 49 71 51 52 55 56 58 77 61 83 65 88 93 68 69 98 73 76 102 79 82 95 107 96 99 112 103 
524.0:     RR queue: 104 105 106 108 109 110 111 113 114 115 
524.25:    RR queue: 105 106 108 109 110 111 113 114 115 
528.5:     RR queue: 106 108 109 110 111 113 114 115 
538.5:     FCFS queue: 7 13 2 3 4 8 17 11 21 28 19 24 25 33 0 37 35 43 36 38 50 54 39 40 41 60 64 48 49 71 51 52 55 56 58 77 61 83 65 88 93 68 69 98 73 76 102 79 82 95 107 96 99 112 103 106 
538.5:     RR queue: 108 109 110 111 113 114 115 
543:       FCFS queue: 7 13 2 3 4 8 17 11 21 28 19 24 25 33 0 37 35 43 36 38 50 54 39 40 41 60 64 48 49 71 51 52 55 56 58 77 61 83 65 88 93 68 69 98 73 76 102 79 82 95 107 96 99 112 103 106 116 
543:       RR queue: 109 110 111 113 114 115 117 
543:       RR queue: 109 110 111 113 114 115 117 118 
543:       RR queue: 109 110 111 113 114 115 117 118 119 
543:       RR queue: 109 110 111 113 114 115 117 118 119 120 
543.75:    RR queue: 109 110 111 113 114 115 117 118 119 120 
553.75:    FCFS queue: 7 13 2 3 4 8 17 11 21 28 19 24 25 33 0 37 35 43 36 38 50 54 39 40 41 60 64 48 49 71 51 52 55 56 58 77 61 83 65 88 93 68 69 98 73 76 102 79 82 95 107 96 99 112 103 106 116 109 
553.75:    RR queue: 110 111 113 114 115 117 118 119 120 
555.0:     RR queue: 111 113 114 115 117 118 119 120 
558.25:    RR queue: 113 114 115 117 118 119 120 
565:       FCFS queue: 7 13 2 3 4 8 17 11 21 28 19 24 25 33 0 37 35 43 36 38 50 54 39 40 41 60 64 48 49 71 51 52 55 56 58 77 61 83 65 88 93 68 69 98 73 76 102 79 82 95 107 96 99 112 103 106 116 109 121 
565:       RR queue: 114 115 117 118 119 120 122 
565:       RR queue: 114 115 117 118 119 120 122 123 
565:       RR queue: 114 115 117 118 119 120 122 123 124 
565:       RR queue: 114 115 117 118 119 120 122 123 124 125 
568.25:    FCFS queue: 7 13 2 3 4 8 17 11 21 28 19 24 25 33 0 37 35 43 36 38 50 54 39 40 41 60 64 48 49 71 51 52 55 56 58 77 61 83 65 88 93 68 69 98 73 76 102 79 82 95 107 96 99 112 103 106 116 109 121 113 
568.25:    RR queue: 114 115 117 118 119 120 122 123 124 125 
570.5:     RR queue: 115 117 118 119 120 122 123 124 125 
580.5:     FCFS queue: 7 13 2 3 4 8 17 11 21 28 19 24 25 33 0 37 35 43 36 38 50 54 39 40 41 60 64 48 49 71 51 52 55 56 58 77 61 83 65 88 93 68 69 98 73 76 102 79 82 95 107 96 99 112 103 106 116 109 121 113 115 
580.5:     RR queue: 117 118 119 120 122 123 124 125 
580.75:    RR queue: 118 119 120 122 123 124 125 
581.0:     RR queue: 119 120 122 123 124 125 
587:       FCFS queue: 7 13 2 3 4 8 17 11 21 28 19 24 25 33 0 37 35 43 36 38 50 54 39 40 41 60 64 48 49 71 51 52 55 56 58 77 61 83 65 88 93 68 69 98 73 76 102 79 82 95 107 96 99 112 103 106 116 109 121 113 115 126 
587:       RR queue: 120 122 123 124 125 127 
587:       RR queue: 120 122 123 124 125 127 128 
587:       RR queue: 120 122 123 124 125 127 128 129 
591.0:     FCFS queue: 7 13 2 3 4 8 17 11 21 28 19 24 25 33 0 37 35 43 36 38 50 54 39 40 41 60 64 48 49 71 51 52 55 56 58 77 61 83 65 88 93 68 69 98 73 76 102 79 82 95 107 96 99 112 103 106 116 109 121 113 115 126 119 
591.0:     RR queue: 120 122 123 124 125 127 128 129 
594.25:    RR queue: 122 123 124 125 127 128 129 
596.5:     RR queue: 123 124 125 127 128 129 
599.75:    RR queue: 124 125 127 128 129 
600.0:     RR queue: 125 127 128 129 
601.25:    RR queue: 127 128 129 
609:       FCFS queue: 7 13 2 3 4 8 17 11 21 28 19 24 25 33 0 37 35 43 36 38 50 54 39 40 41 60 64 48 49 71 51 52 55 56 58 77 61 83 65 88 93 68 69 98 73 76 102 79 82 95 107 96 99 112 103 106 116 109 121 113 115 126 119 130 
609:       RR queue: 128 129 131 
609:       RR queue: 128 129 131 132 
609:       RR queue: 128 129 131 132 133 
609:       RR queue: 128 129 131 132 133 134 
609:       RR queue: 128 129 131 132 133 134 135 
609:       RR queue: 128 129 131 132 133 134 135 136 
609.5:     RR queue: 128 129 131 132 133 134 135 136 
612.75:    RR queue: 129 131 132 133 134 135 136 
613:       FCFS queue: 7 13 2 3 4 8 17 11 21 28 19 24 25 33 0 37 35 43 36 38 50 54 39 40 41 60 64 48 49 71 51 52 55 56 58 77 61 83 65 88 93 68 69 98 73 76 102 79 82 95 107 96 99 112 103 106 116 109 121 113 115 126 119 130 137 
613:       RR queue: 131 132 133 134 135 136 138 
613:       RR queue: 131 132 133 134 135 136 138 139 
613:       RR queue: 131 132 133 134 135 136 138 139 140 
613:       RR queue: 131 132 133 134 135 136 138 139 140 141 
613:       RR queue: 131 132 133 134 135 136 138 139 140 141 142 
613:       RR queue: 131 132 133 134 135 136 138 139 140 141 142 143 
613:       FCFS queue: 7 13 2 3 4 8 17 11 21 28 19 24 25 33 0 37 35 43 36 38 50 54 39 40 41 60 64 48 49 71 51 52 55 56 58 77 61 83 65 88 93 68 69 98 73 76 102 79 82 95 107 96 99 112 103 106 116 109 121 113 115 126 119 130 137 144 
613:       RR queue: 131 132 133 134 135 136 138 139 140 141 142 143 145 
613:       RR queue: 131 132 133 134 135 136 138 139 140 141 142 143 145 146 
613:       RR queue: 131 132 133 134 135 136 138 139 140 141 142 143 145 146 147 
613.0:     RR queue: 131 132 133 134 135 136 138 139 140 141 142 143 145 146 147 
614.25:    RR queue: 132 133 134 135 136 138 139 140 141 142 143 145 146 147 
616:       FCFS queue: 7 13 2 3 4 8 17 11 21 28 19 24 25 33 0 37 35 43 36 38 50 54 39 40 41 60 64 48 49 71 51 52 55 56 58 77 61 83 65 88 93 68 69 98 73 76 102 79 82 95 107 96 99 112 103 106 116 109 121 113 115 126 119 130 137 144 148 
616:       RR queue: 133 134 135 136 138 139 140 141 142 143 145 146 147 149 
616:       RR queue: 133 134 135 136 138 139 140 141 142 143 145 146 147 149 150 
616:       RR queue: 133 134 135 136 138 139 140 141 142 143 145 146 147 149 150 151 
616:       RR queue: 133 134 135 136 138 139 140 141 142 143 145 146 147 149 150 151 152 
618.5:     RR queue: 133 134 135 136 138 139 140 141 142 143 145 146 147 149 150 151 152 
620:       FCFS queue: 7 13 2 3 4 8 17 11 21 28 19 24 25 33 0 37 35 43 36 38 50 54 39 40 41 60 64 48 49 71 51 52 55 56 58 77 61 83 65 88 93 68 69 98 73 76 102 79 82 95 107 96 99 112 103 106 116 109 121 113 115 126 119 130 137 144 148 153 
620:       RR queue: 134 135 136 138 139 140 141 142 143 145 146 147 149 150 151 152 154 
620:       RR queue: 134 135 136 138 139 140 141 142 143 145 146 147 149 150 151 152 154 155 
620:       RR queue: 134 135 136 138 139 140 141 142 143 145 146 147 149 150 151 152 154 155 156 
620:       RR queue: 134 135 136 138 139 140 141 142 143 145 146 147 149 150 151 152 154 155 156 157 
628.5:     FCFS queue: 7 13 2 3 4 8 17 11 21 28 19 24 25 33 0 37 35 43 36 38 50 54 39 40 41 60 64 48 49 71 51 52 55 56 58 77 61 83 65 88 93 68 69 98 73 76 102 79 82 95 107 96 99 112 103 106 116 109 121 113 115 126 119 130 137 144 148 153 133 
628.5:     RR queue: 134 135 136 138 139 140 141 142 143 145 146 147 149 150 151 152 154 155 156 157 
636:       FCFS queue: 7 13 2 3 4 8 17 11 21 28 19 24 25 33 0 37 35 43 36 38 50 54 39 40 41 60 64 48 49 71 51 52 55 56 58 77 61 83 65 88 93 68 69 98 73 76 102 79 82 95 107 96 99 112 103 106 116 109 121 113 115 126 119 130 137 144 148 153 133 158 
636:       RR queue: 135 136 138 139 140 141 142 143 145 146 147 149 150 151 152 154 155 156 157 159 
636:       RR queue: 135 136 138 139 140 141 142 143 145 146 147 149 150 151 152 154 155 156 157 159 160 
636:       RR queue: 135 136 138 139 140 141 142 143 145 146 147 149 150 151 152 154 155 156 157 159 160 161 
636:       RR queue: 135 136 138 139 140 141 142 143 145 146 147 149 150 151 152 154 155 156 157 159 160 161 162 
636:       RR queue: 135 136 138 139 140 141 142 143 145 146 147 149 150 151 152 154 155 156 157 159 160 161 162 163 
638:       FCFS queue: 7 13 2 3 4 8 17 11 21 28 19 24 25 33 0 37 35 43 36 38 50 54 39 40 41 60 64 48 49 71 51 52 55 56 58 77 61 83 65 88 93 68 69 98 73 76 102 79 82 95 107 96 99 112 103 106 116 109 121 113 115 126 119 130 137 144 148 153 133 158 164 
638:       RR queue: 135 136 138 139 140 141 142 143 145 146 147 149 150 151 152 154 155 156 157 159 160 161 162 163 165 
638:       RR queue: 135 136 138 139 140 141 142 143 145 146 147 149 150 151 152 154 155 156 157 159 160 161 162 163 165 166 
638:       RR queue: 135 136 138 139 140 141 142 143 145 146 147 149 150 151 152 154 155 156 157 159 160 161 162 163 165 166 167 
638:       RR queue: 135 136 138 139 140 141 142 143 145 146 147 149 150 151 152 154 155 156 157 159 160 161 162 163 165 166 167 168 
638:       RR queue: 135 136 138 139 140 141 142 143 145 146 147 149 150 151 152 154 155 156 157 159 160 161 162 163 165 166 167 168 169 
638.5:     FCFS queue: 7 13 2 3 4 8 17 11 21 28 19 24 25 33 0 37 35 43 36 38 50 54 39 40 41 60 64 48 49 71 51 52 55 56 58 77 61 83 65 88 93 68 69 98 73 76 102 79 82 95 107 96 99 112 103 106 116 109 121 113 115 126 119 130 137 144 148 153 133 158 164 134 
638.5:     RR queue: 135 136 138 139 140 141 142 143 145 146 147 149 150 151 152 154 155 156 157 159 160 161 162 163 165 166 167 168 169 
648.5:     FCFS queue: 7 13 2 3 4 8 17 11 21 28 19 24 25 33 0 37 35 43 36 38 50 54 39 40 41 60 64 48 49 71 51 52 55 56 58 77 61 83 65 88 93 68 69 98 73 76 102 79 82 95 107 96 99 112 103 106 116 109 121 113 115 126 119 130 137 144 148 153 133 158 164 134 135 
648.5:     RR queue: 136 138 139 140 141 142 143 145 146 147 149 150 151 152 154 155 156 157 159 160 161 162 163 165 166 167 168 169 
651.75:    RR queue: 138 139 140 141 142 143 145 146 147 149 150 151 152 154 155 156 157 159 160 161 162 163 165 166 167 168 169 
656.0:     RR queue: 139 140 141 142 143 145 146 147 149 150 151 152 154 155 156 157 159 160 161 162 163 165 166 167 168 169 
657:       FCFS queue: 7 13 2 3 4 8 17 11 21 28 19 24 25 33 0 37 35 43 36 38 50 54 39 40 41 60 64 48 49 71 51 52 55 56 58 77 61 83 65 88 93 68 69 98 73 76 102 79 82 95 107 96 99 112 103 106 116 109 121 113 115 126 119 130 137 144 148 153 133 158 164 134 135 170 
657:       RR queue: 140 141 142 143 145 146 147 149 150 151 152 154 155 156 157 159 160 161 162 163 165 166 167 168 169 171 
657:       RR queue: 140 141 142 143 145 146 147 149 150 151 152 154 155 156 157 159 160 161 162 163 165 166 167 168 169 171 172 
657:       RR queue: 140 141 142 143 145 146 147 149 150 151 152 154 155 156 157 159 160 161 162 163 165 166 167 168 169 171 172 173 
657:       RR queue: 140 141 142 143 145 146 147 149 150 151 152 154 155 156 157 159 160 161 162 163 165 166 167 168 169 171 172 173 174 
663.25:    RR queue: 140 141 142 143 145 146 147 149 150 151 152 154 155 156 157 159 160 161 162 163 165 166 167 168 169 171 172 173 174 
673.25:    FCFS queue: 7 13 2 3 4 8 17 11 21 28 19 24 25 33 0 37 35 43 36 38 50 54 39 40 41 60 64 48 49 71 51 52 55 56 58 77 61 83 65 88 93 68 69 98 73 76 102 79 82 95 107 96 99 112 103 106 116 109 121 113 115 126 119 130 137 144 148 153 133 158 164 134 135 170 140 
673.25:    RR queue: 141 142 143 145 146 147 149 150 151 152 154 155 156 157 159 160 161 162 163 165 166 167 168 169 171 172 173 174 
681.5:     RR queue: 142 143 145 146 147 149 150 151 152 154 155 156 157 159 160 161 162 163 165 166 167 168 169 171 172 173 174 
682:       FCFS queue: 7 13 2 3 4 8 17 11 21 28 19 24 25 33 0 37 35 43 36 38 50 54 39 40 41 60 64 48 49 71 51 52 55 56 58 77 61 83 65 88 93 68 69 98 73 76 102 79 82 95 107 96 99 112 103 106 116 109 121 113 115 126 119 130 137 144 148 153 133 158 164 134 135 170 140 175 
682:       RR queue: 143 145 146 147 149 150 151 152 154 155 156 157 159 160 161 162 163 165 166 167 168 169 171 172 173 174 176 
682:       RR queue: 143 145 146 147 149 150 151 152 154 155 156 157 159 160 161 162 163 165 166 167 168 169 171 172 173 174 176 177 
682:       RR queue: 143 145 146 147 149 150 151 152 154 155 156 157 159 160 161 162 163 165 166 167 168 169 171 172 173 174 176 177 178 
682:       RR queue: 143 145 146 147 149 150 151 152 154 155 156 157 159 160 161 162 163 165 166 167 168 169 171 172 173 174 176 177 178 179 
682:       RR queue: 143 145 146 147 149 150 151 152 154 155 156 157 159 160 161 162 163 165 166 167 168 169 171 172 173 174 176 177 178 179 180 
682:       RR queue: 143 145 146 147 149 150 151 152 154 155 156 157 159 160 161 162 163 165 166 167 168 169 171 172 173 174 176 177 178 179 180 181 
691.5:     FCFS queue: 7 13 2 3 4 8 17 11 21 28 19 24 25 33 0 37 35 43 36 38 50 54 39 40 41 60 64 48 49 71 51 52 55 56 58 77 61 83 65 88 93 68 69 98 73 76 102 79 82 95 107 96 99 112 103 106 116 109 121 113 115 126 119 130 137 144 148 153 133 158 164 134 135 170 140 175 142 
691.5:     RR queue: 143 145 146 147 149 150 151 152 154 155 156 157 159 160 161 162 163 165 166 167 168 169 171 172 173 174 176 177 178 179 180 181 
696.75:    RR queue: 145 146 147 149 150 151 152 154 155 156 157 159 160 161 162 163 165 166 167 168 169 171 172 173 174 176 177 178 179 180 181 
699.0:     RR queue: 146 147 149 150 151 152 154 155 156 157 159 160 161 162 163 165 166 167 168 169 171 172 173 174 176 177 178 179 180 181 
705.25:    RR queue: 147 149 150 151 152 154 155 156 157 159 160 161 162 163 165 166 167 168 169 171 172 173 174 176 177 178 179 180 181 
705.5:     RR queue: 149 150 151 152 154 155 156 157 159 160 161 162 163 165 166 167 168 169 171 172 173 174 176 177 178 179 180 181 
705.75:    RR queue: 150 151 152 154 155 156 157 159 160 161 162 163 165 166 167 168 169 171 172 173 174 176 177 178 179 180 181 
708.0:     RR queue: 151 152 154 155 156 157 159 160 161 162 163 165 166 167 168 169 171 172 173 174 176 177 178 179 180 181 
709.25:    RR queue: 152 154 155 156 157 159 160 161 162 163 165 166 167 168 169 171 172 173 174 176 177 178 179 180 181 
713.5:     RR queue: 154 155 156 157 159 160 161 162 163 165 166 167 168 169 171 172 173 174 176 177 178 179 180 181 
722.75:    RR queue: 155 156 157 159 160 161 162 163 165 166 167 168 169 171 172 173 174 176 177 178 179 180 181 
730:       FCFS queue: 7 13 2 3 4 8 17 11 21 28 19 24 25 33 0 37 35 43 36 38 50 54 39 40 41 60 64 48 49 71 51 52 55 56 58 77 61 83 65 88 93 68 69 98 73 76 102 79 82 95 107 96 99 112 103 106 116 109 121 113 115 126 119 130 137 144 148 153 133 158 164 134 135 170 140 175 142 182 
730:       RR queue: 156 157 159 160 161 162 163 165 166 167 168 169 171 172 173 174 176 177 178 179 180 181 183 
730:       RR queue: 156 157 159 160 161 162 163 165 166 167 168 169 171 172 173 174 176 177 178 179 180 181 183 184 
730:       RR queue: 156 157 159 160 161 162 163 165 166 167 168 169 171 172 173 174 176 177 178 179 180 181 183 184 185 
730:       RR queue: 156 157 159 160 161 162 163 165 166 167 168 169 171 172 173 174 176 177 178 179 180 181 183 184 185 186 
730:       RR queue: 156 157 159 160 161 162 163 165 166 167 168 169 171 172 173 174 176 177 178 179 180 181 183 184 185 186 187 
730:       RR queue: 156 157 159 160 161 162 163 165 166 167 168 169 171 172 173 174 176 177 178 179 180 181 183 184 185 186 187 188 
732.75:    FCFS queue: 7 13 2 3 4 8 17 11 21 28 19 24 25 33 0 37 35 43 36 38 50 54 39 40 41 60 64 48 49 71 51 52 55 56 58 77 61 83 65 88 93 68 69 98 73 76 102 79 82 95 107 96 99 112 103 106 116 109 121 113 115 126 119 130 137 144 148 153 133 158 164 134 135 170 140 175 142 182 155 
732.75:    RR queue: 156 157 159 160 161 162 163 165 166 167 168 169 171 172 173 174 176 177 178 179 180 181 183 184 185 186 187 188 
733:       FCFS queue: 7 13 2 3 4 8 17 11 21 28 19 24 25 33 0 37 35 43 36 38 50 54 39 40 41 60 64 48 49 71 51 52 55 56 58 77 61 83 65 88 93 68 69 98 73 76 102 79 82 95 107 96 99 112 103 106 116 109 121 113 115 126 119 130 137 144 148 153 133 158 164 134 135 170 140 175 142 182 155 189 
733:       RR queue: 157 159 160 161 162 163 165 166 167 168 169 171 172 173 174 176 177 178 179 180 181 183 184 185 186 187 188 190 
733:       RR queue: 157 159 160 161 162 163 165 166 167 168 169 171 172 173 174 176 177 178 179 180 181 183 184 185 186 187 188 190 191 
733:       RR queue: 157 159 160 161 162 163 165 166 167 168 169 171 172 173 174 176 177 178 179 180 181 183 184 185 186 187 188 190 191 192 
733:       RR queue: 157 159 160 161 162 163 165 166 167 168 169 171 172 173 174 176 177 178 179 180 181 183 184 185 186 187 188 190 191 192 193 
733:       RR queue: 157 159 160 161 162 163 165 166 167 168 169 171 172 173 174 176 177 178 179 180 181 183 184 185 186 187 188 190 191 192 193 194 
734:       FCFS queue: 7 13 2 3 4 8 17 11 21 28 19 24 25 33 0 37 35 43 36 38 50 54 39 40 41 60 64 48 49 71 51 52 55 56 58 77 61 83 65 88 93 68 69 98 73 76 102 79 82 95 107 96 99 112 103 106 116 109 121 113 115 126 119 130 137 144 148 153 133 158 164 134 135 170 140 175 142 182 155 189 195 
734:       RR queue: 157 159 160 161 162 163 165 166 167 168 169 171 172 173 174 176 177 178 179 180 181 183 184 185 186 187 188 190 191 192 193 194 196 
734:       RR queue: 157 159 160 161 162 163 165 166 167 168 169 171 172 173 174 176 177 178 179 180 181 183 184 185 186 187 188 190 191 192 193 194 196 197 
734:       RR queue: 157 159 160 161 162 163 165 166 167 168 169 171 172 173 174 176 177 178 179 180 181 183 184 185 186 187 188 190 191 192 193 194 196 197 198 
734:       RR queue: 157 159 160 161 162 163 165 166 167 168 169 171 172 173 174 176 177 178 179 180 181 183 184 185 186 187 188 190 191 192 193 194 196 197 198 199 
734:       RR queue: 157 159 160 161 162 163 165 166 167 168 169 171 172 173 174 176 177 178 179 180 181 183 184 185 186 187 188 190 191 192 193 194 196 197 198 199 200 
736.0:     RR queue: 157 159 160 161 162 163 165 166 167 168 169 171 172 173 174 176 177 178 179 180 181 183 184 185 186 187 188 190 191 192 193 194 196 197 198 199 200 
741:       FCFS queue: 7 13 2 3 4 8 17 11 21 28 19 24 25 33 0 37 35 43 36 38 50 54 39 40 41 60 64 48 49 71 51 52 55 56 58 77 61 83 65 88 93 68 69 98 73 76 102 79 82 95 107 96 99 112 103 106 116 109 121 113 115 126 119 130 137 144 148 153 133 158 164 134 135 170 140 175 142 182 155 189 195 201 
741:       RR queue: 159 160 161 162 163 165 166 167 168 169 171 172 173 174 176 177 178 179 180 181 183 184 185 186 187 188 190 191 192 193 194 196 197 198 199 200 202 
741:       RR queue: 159 160 161 162 163 165 166 167 168 169 171 172 173 174 176 177 178 179 180 181 183 184 185 186 187 188 190 191 192 193 194 196 197 198 199 200 202 203 
741:       RR queue: 159 160 161 162 163 165 166 167 168 169 171 172 173 174 176 177 178 179 180 181 183 184 185 186 187 188 190 191 192 193 194 196 197 198 199 200 202 203 204 
741:       RR queue: 159 160 161 162 163 165 166 167 168 169 171 172 173 174 176 177 178 179 180 181 183 184 185 186 187 188 190 191 192 193 194 196 197 198 199 200 202 203 204 205 
744.25:    RR queue: 159 160 161 162 163 165 166 167 168 169 171 172 173 174 176 177 178 179 180 181 183 184 185 186 187 188 190 191 192 193 194 196 197 198 199 200 202 203 204 205 
746.5:     RR queue: 160 161 162 163 165 166 167 168 169 171 172 173 174 176 177 178 179 180 181 183 184 185 186 187 188 190 191 192 193 194 196 197 198 199 200 202 203 204 205 
754:       FCFS queue: 7 13 2 3 4 8 17 11 21 28 19 24 25 33 0 37 35 43 36 38 50 54 39 40 41 60 64 48 49 71 51 52 55 56 58 77 61 83 65 88 93 68 69 98 73 76 102 79 82 95 107 96 99 112 103 106 116 109 121 113 115 126 119 130 137 144 148 153 133 158 164 134 135 170 140 175 142 182 155 189 195 201 206 
754:       RR queue: 161 162 163 165 166 167 168 169 171 172 173 174 176 177 178 179 180 181 183 184 185 186 187 188 190 191 192 193 194 196 197 198 199 200 202 203 204 205 207 
754:       RR queue: 161 162 163 165 166 167 168 169 171 172 173 174 176 177 178 179 180 181 183 184 185 186 187 188 190 191 192 193 194 196 197 198 199 200 202 203 204 205 207 208 
754:       RR queue: 161 162 163 165 166 167 168 169 171 172 173 174 176 177 178 179 180 181 183 184 185 186 187 188 190 191 192 193 194 196 197 198 199 200 202 203 204 205 207 208 209 
754:       RR queue: 161 162 163 165 166 167 168 169 171 172 173 174 176 177 178 179 180 181 183 184 185 186 187 188 190 191 192 193 194 196 197 198 199 200 202 203 204 205 207 208 209 210 
755.75:    RR queue: 161 162 163 165 166 167 168 169 171 172 173 174 176 177 178 179 180 181 183 184 185 186 187 188 190 191 192 193 194 196 197 198 199 200 202 203 204 205 207 208 209 210 
765.75:    FCFS queue: 7 13 2 3 4 8 17 11 21 28 19 24 25 33 0 37 35 43 36 38 50 54 39 40 41 60 64 48 49 71 51 52 55 56 58 77 61 83 65 88 93 68 69 98 73 76 102 79 82 95 107 96 99 112 103 106 116 109 121 113 115 126 119 130 137 144 148 153 133 158 164 134 135 170 140 175 142 182 155 189 195 201 206 161 
765.75:    RR queue: 162 163 165 166 167 168 169 171 172 173 174 176 177 178 179 180 181 183 184 185 186 187 188 190 191 192 193 194 196 197 198 199 200 202 203 204 205 207 208 209 210 
770.0:     RR queue: 163 165 166 167 168 169 171 172 173 174 176 177 178 179 180 181 183 184 185 186 187 188 190 191 192 193 194 196 197 198 199 200 202 203 204 205 207 208 209 210 
777.25:    RR queue: 165 166 167 168 169 171 172 173 174 176 177 178 179 180 181 183 184 185 186 187 188 190 191 192 193 194 196 197 198 199 200 202 203 204 205 207 208 209 210 
779.5:     RR queue: 166 167 168 169 171 172 173 174 176 177 178 179 180 181 183 184 185 186 187 188 190 191 192 193 194 196 197 198 199 200 202 203 204 205 207 208 209 210 
780:       FCFS queue: 7 13 2 3 4 8 17 11 21 28 19 24 25 33 0 37 35 43 36 38 50 54 39 40 41 60 64 48 49 71 51 52 55 56 58 77 61 83 65 88 93 68 69 98 73 76 102 79 82 95 107 96 99 112 103 106 116 109 121 113 115 126 119 130 137 144 148 153 133 158 164 134 135 170 140 175 142 182 155 189 195 201 206 161 211 
780:       RR queue: 167 168 169 171 172 173 174 176 177 178 179 180 181 183 184 185 186 187 188 190 191 192 193 194 196 197 198 199 200 202 203 204 205 207 208 209 210 212 
780:       RR queue: 167 168 169 171 172 173 174 176 177 178 179 180 181 183 184 185 186 187 188 190 191 192 193 194 196 197 198 199 200 202 203 204 205 207 208 209 210 212 213 
780:       RR queue: 167 168 169 171 172 173 174 176 177 178 179 180 181 183 184 185 186 187 188 190 191 192 193 194 196 197 198 199 200 202 203 204 205 207 208 209 210 212 213 214 
782.75:    RR queue: 167 168 169 171 172 173 174 176 177 178 179 180 181 183 184 185 186 187 188 190 191 192 193 194 196 197 198 199 200 202 203 204 205 207 208 209 210 212 213 214 
785:       FCFS queue: 7 13 2 3 4 8 17 11 21 28 19 24 25 33 0 37 35 43 36 38 50 54 39 40 41 60 64 48 49 71 51 52 55 56 58 77 61 83 65 88 93 68 69 98 73 76 102 79 82 95 107 96 99 112 103 106 116 109 121 113 115 126 119 130 137 144 148 153 133 158 164 134 135 170 140 175 142 182 155 189 195 201 206 161 211 215 
785:       RR queue: 168 169 171 172 173 174 176 177 178 179 180 181 183 184 185 186 187 188 190 191 192 193 194 196 197 198 199 200 202 203 204 205 207 208 209 210 212 213 214 216 
785:       RR queue: 168 169 171 172 173 174 176 177 178 179 180 181 183 184 185 186 187 188 190 191 192 193 194 196 197 198 199 200 202 203 204 205 207 208 209 210 212 213 214 216 217 
785:       RR queue: 168 169 171 172 173 174 176 177 178 179 180 181 183 184 185 186 187 188 190 191 192 193 194 196 197 198 199 200 202 203 204 205 207 208 209 210 212 213 214 216 217 218 
785:       RR queue: 168 169 171 172 173 174 176 177 178 179 180 181 183 184 185 186 187 188 190 191 192 193 194 196 197 198 199 200 202 203 204 205 207 208 209 210 212 213 214 216 217 218 219 
785:       RR queue: 168 169 171 172 173 174 176 177 178 179 180 181 183 184 185 186 187 188 190 191 192 193 194 196 197 198 199 200 202 203 204 205 207 208 209 210 212 213 214 216 217 218 219 220 
792.75:    FCFS queue: 7 13 2 3 4 8 17 11 21 28 19 24 25 33 0 37 35 43 36 38 50 54 39 40 41 60 64 48 49 71 51 52 55 56 58 77 61 83 65 88 93 68 69 98 73 76 102 79 82 95 107 96 99 112 103 106 116 109 121 113 115 126 119 130 137 144 148 153 133 158 164 134 135 170 140 175 142 182 155 189 195 201 206 161 211 215 167 
792.75:    RR queue: 168 169 171 172 173 174 176 177 178 179 180 181 183 184 185 186 187 188 190 191 192 193 194 196 197 198 199 200 202 203 204 205 207 208 209 210 212 213 214 216 217 218 219 220 
800.0:     RR queue: 169 171 172 173 174 176 177 178 179 180 181 183 184 185 186 187 188 190 191 192 193 194 196 197 198 199 200 202 203 204 205 207 208 209 210 212 213 214 216 217 218 219 220 
800.25:    RR queue: 171 172 173 174 176 177 178 179 180 181 183 184 185 186 187 188 190 191 192 193 194 196 197 198 199 200 202 203 204 205 207 208 209 210 212 213 214 216 217 218 219 220 
807.5:     RR queue: 172 173 174 176 177 178 179 180 181 183 184 185 186 187 188 190 191 192 193 194 196 197 198 199 200 202 203 204 205 207 208 209 210 212 213 214 216 217 218 219 220 
810:       FCFS queue: 7 13 2 3 4 8 17 11 21 28 19 24 25 33 0 37 35 43 36 38 50 54 39 40 41 60 64 48 49 71 51 52 55 56 58 77 61 83 65 88 93 68 69 98 73 76 102 79 82 95 107 96 99 112 103 106 116 109 121 113 115 126 119 130 137 144 148 153 133 158 164 134 135 170 140 175 142 182 155 189 195 201 206 161 211 215 167 221 
810:       RR queue: 173 174 176 177 178 179 180 181 183 184 185 186 187 188 190 191 192 193 194 196 197 198 199 200 202 203 204 205 207 208 209 210 212 213 214 216 217 218 219 220 222 
810:       RR queue: 173 174 176 177 178 179 180 181 183 184 185 186 187 188 190 191 192 193 194 196 197 198 199 200 202 203 204 205 207 208 209 210 212 213 214 216 217 218 219 220 222 223 
810:       RR queue: 173 174 176 177 178 179 180 181 183 184 185 186 187 188 190 191 192 193 194 196 197 198 199 200 202 203 204 205 207 208 209 210 212 213 214 216 217 218 219 220 222 223 224 
816.75:    RR queue: 173 174 176 177 178 179 180 181 183 184 185 186 187 188 190 191 192 193 194 196 197 198 199 200 202 203 204 205 207 208 209 210 212 213 214 216 217 218 219 220 222 223 224 
819.0:     RR queue: 174 176 177 178 179 180 181 183 184 185 186 187 188 190 191 192 193 194 196 197 198 199 200 202 203 204 205 207 208 209 210 212 213 214 216 217 218 219 220 222 223 224 
825:       FCFS queue: 7 13 2 3 4 8 17 11 21 28 19 24 25 33 0 37 35 43 36 38 50 54 39 40 41 60 64 48 49 71 51 52 55 56 58 77 61 83 65 88 93 68 69 98 73 76 102 79 82 95 107 96 99 112 103 106 116 109 121 113 115 126 119 130 137 144 148 153 133 158 164 134 135 170 140 175 142 182 155 189 195 201 206 161 211 215 167 221 225 
825:       RR queue: 176 177 178 179 180 181 183 184 185 186 187 188 190 191 192 193 194 196 197 198 199 200 202 203 204 205 207 208 209 210 212 213 214 216 217 218 219 220 222 223 224 226 
825:       RR queue: 176 177 178 179 180 181 183 184 185 186 187 188 190 191 192 193 194 196 197 198 199 200 202 203 204 205 207 208 209 210 212 213 214 216 217 218 219 220 222 223 224 226 227 
825:       RR queue: 176 177 178 179 180 181 183 184 185 186 187 188 190 191 192 193 194 196 197 198 199 200 202 203 204 205 207 208 209 210 212 213 214 216 217 218 219 220 222 223 224 226 227 228 
825:       RR queue: 176 177 178 179 180 181 183 184 185 186 187 188 190 191 192 193 194 196 197 198 199 200 202 203 204 205 207 208 209 210 212 213 214 216 217 218 219 220 222 223 224 226 227 228 229 
825:       RR queue: 176 177 178 179 180 181 183 184 185 186 187 188 190 191 192 193 194 196 197 198 199 200 202 203 204 205 207 208 209 210 212 213 214 216 217 218 219 220 222 223 224 226 227 228 229 230 
829.0:     FCFS queue: 7 13 2 3 4 8 17 11 21 28 19 24 25 33 0 37 35 43 36 38 50 54 39 40 41 60 64 48 49 71 51 52 55 56 58 77 61 83 65 88 93 68 69 98 73 76 102 79 82 95 107 96 99 112 103 106 116 109 121 113 115 126 119 130 137 144 148 153 133 158 164 134 135 170 140 175 142 182 155 189 195 201 206 161 211 215 167 221 225 174 
829.0:     RR queue: 176 177 178 179 180 181 183 184 185 186 187 188 190 191 192 193 194 196 197 198 199 200 202 203 204 205 207 208 209 210 212 213 214 216 217 218 219 220 222 223 224 226 227 228 229 230 
831.25:    RR queue: 177 178 179 180 181 183 184 185 186 187 188 190 191 192 193 194 196 197 198 199 200 202 203 204 205 207 208 209 210 212 213 214 216 217 218 219 220 222 223 224 226 227 228 229 230 
841.25:    FCFS queue: 7 13 2 3 4 8 17 11 21 28 19 24 25 33 0 37 35 43 36 38 50 54 39 40 41 60 64 48 49 71 51 52 55 56 58 77 61 83 65 88 93 68 69 98 73 76 102 79 82 95 107 96 99 112 103 106 116 109 121 113 115 126 119 130 137 144 148 153 133 158 164 134 135 170 140 175 142 182 155 189 195 201 206 161 211 215 167 221 225 174 177 
841.25:    RR queue: 178 179 180 181 183 184 185 186 187 188 190 191 192 193 194 196 197 198 199 200 202 203 204 205 207 208 209 210 212 213 214 216 217 218 219 220 222 223 224 226 227 228 229 230 
843.5:     RR queue: 179 180 181 183 184 185 186 187 188 190 191 192 193 194 196 197 198 199 200 202 203 204 205 207 208 209 210 212 213 214 216 217 218 219 220 222 223 224 226 227 228 229 230 
851.75:    RR queue: 180 181 183 184 185 186 187 188 190 191 192 193 194 196 197 198 199 200 202 203 204 205 207 208 209 210 212 213 214 216 217 218 219 220 222 223 224 226 227 228 229 230 
859.0:     RR queue: 181 183 184 185 186 187 188 190 191 192 193 194 196 197 198 199 200 202 203 204 205 207 208 209 210 212 213 214 216 217 218 219 220 222 223 224 226 227 228 229 230 
859.25:    RR queue: 183 184 185 186 187 188 190 191 192 193 194 196 197 198 199 200 202 203 204 205 207 208 209 210 212 213 214 216 217 218 219 220 222 223 224 226 227 228 229 230 
862.5:     RR queue: 184 185 186 187 188 190 191 192 193 194 196 197 198 199 200 202 203 204 205 207 208 209 210 212 213 214 216 217 218 219 220 222 223 224 226 227 228 229 230 
872.5:     FCFS queue: 7 13 2 3 4 8 17 11 21 28 19 24 25 33 0 37 35 43 36 38 50 54 39 40 41 60 64 48 49 71 51 52 55 56 58 77 61 83 65 88 93 68 69 98 73 76 102 79 82 95 107 96 99 112 103 106 116 109 121 113 115 126 119 130 137 144 148 153 133 158 164 134 135 170 140 175 142 182 155 189 195 201 206 161 211 215 167 221 225 174 177 184 
872.5:     RR queue: 185 186 187 188 190 191 192 193 194 196 197 198 199 200 202 203 204 205 207 208 209 210 212 213 214 216 217 218 219 220 222 223 224 226 227 228 229 230 
880:       FCFS queue: 7 13 2 3 4 8 17 11 21 28 19 24 25 33 0 37 35 43 36 38 50 54 39 40 41 60 64 48 49 71 51 52 55 56 58 77 61 83 65 88 93 68 69 98 73 76 102 79 82 95 107 96 99 112 103 106 116 109 121 113 115 126 119 130 137 144 148 153 133 158 164 134 135 170 140 175 142 182 155 189 195 201 206 161 211 215 167 221 225 174 177 184 231 
880:       RR queue: 186 187 188 190 191 192 193 194 196 197 198 199 200 202 203 204 205 207 208 209 210 212 213 214 216 217 218 219 220 222 223 224 226 227 228 229 230 232 
880:       RR queue: 186 187 188 190 191 192 193 194 196 197 198 199 200 202 203 204 205 207 208 209 210 212 213 214 216 217 218 219 220 222 223 224 226 227 228 229 230 232 233 
880:       RR queue: 186 187 188 190 191 192 193 194 196 197 198 199 200 202 203 204 205 207 208 209 210 212 213 214 216 217 218 219 220 222 223 224 226 227 228 229 230 232 233 234 
882.5:     FCFS queue: 7 13 2 3 4 8 17 11 21 28 19 24 25 33 0 37 35 43 36 38 50 54 39 40 41 60 64 48 49 71 51 52 55 56 58 77 61 83 65 88 93 68 69 98 73 76 102 79 82 95 107 96 99 112 103 106 116 109 121 113 115 126 119 130 137 144 148 153 133 158 164 134 135 170 140 175 142 182 155 189 195 201 206 161 211 215 167 221 225 174 177 184 231 185 
882.5:     RR queue: 186 187 188 190 191 192 193 194 196 197 198 199 200 202 203 204 205 207 208 209 210 212 213 214 216 217 218 219 220 222 223 224 226 227 228 229 230 232 233 234 
886:       FCFS queue: 7 13 2 3 4 8 17 11 21 28 19 24 25 33 0 37 35 43 36 38 50 54 39 40 41 60 64 48 49 71 51 52 55 56 58 77 61 83 65 88 93 68 69 98 73 76 102 79 82 95 107 96 99 112 103 106 116 109 121 113 115 126 119 130 137 144 148 153 133 158 164 134 135 170 140 175 142 182 155 189 195 201 206 161 211 215 167 221 225 174 177 184 231 185 235 
886:       RR queue: 187 188 190 191 192 193 194 196 197 198 199 200 202 203 204 205 207 208 209 210 212 213 214 216 217 218 219 220 222 223 224 226 227 228 229 230 232 233 234 236 
886:       RR queue: 187 188 190 191 192 193 194 196 197 198 199 200 202 203 204 205 207 208 209 210 212 213 214 216 217 218 219 220 222 223 224 226 227 228 229 230 232 233 234 236 237 
886:       RR queue: 187 188 190 191 192 193 194 196 197 198 199 200 202 203 204 205 207 208 209 210 212 213 214 216 217 218 219 220 222 223 224 226 227 228 229 230 232 233 234 236 237 238 
892.5:     FCFS queue: 7 13 2 3 4 8 17 11 21 28 19 24 25 33 0 37 35 43 36 38 50 54 39 40 41 60 64 48 49 71 51 52 55 56 58 77 61 83 65 88 93 68 69 98 73 76 102 79 82 95 107 96 99 112 103 106 116 109 121 113 115 126 119 130 137 144 148 153 133 158 164 134 135 170 140 175 142 182 155 189 195 201 206 161 211 215 167 221 225 174 177 184 231 185 235 186 
892.5:     RR queue: 187 188 190 191 192 193 194 196 197 198 199 200 202 203 204 205 207 208 209 210 212 213 214 216 217 218 219 220 222 223 224 226 227 228 229 230 232 233 234 236 237 238 
892.75:    RR queue: 188 190 191 192 193 194 196 197 198 199 200 202 203 204 205 207 208 209 210 212 213 214 216 217 218 219 220 222 223 224 226 227 228 229 230 232 233 234 236 237 238 
902.75:    FCFS queue: 7 13 2 3 4 8 17 11 21 28 19 24 25 33 0 37 35 43 36 38 50 54 39 40 41 60 64 48 49 71 51 52 55 56 58 77 61 83 65 88 93 68 69 98 73 76 102 79 82 95 107 96 99 112 103 106 116 109 121 113 115 126 119 130 137 144 148 153 133 158 164 134 135 170 140 175 142 182 155 189 195 201 206 161 211 215 167 221 225 174 177 184 231 185 235 186 188 
902.75:    RR queue: 190 191 192 193 194 196 197 198 199 200 202 203 204 205 207 208 209 210 212 213 214 216 217 218 219 220 222 223 224 226 227 228 229 230 232 233 234 236 237 238 
905.0:     RR queue: 191 192 193 194 196 197 198 199 200 202 203 204 205 207 208 209 210 212 213 214 216 217 218 219 220 222 223 224 226 227 228 229 230 232 233 234 236 237 238 
910:       FCFS queue: 7 13 2 3 4 8 17 11 21 28 19 24 25 33 0 37 35 43 36 38 50 54 39 40 41 60 64 48 49 71 51 52 55 56 58 77 61 83 65 88 93 68 69 98 73 76 102 79 82 95 107 96 99 112 103 106 116 109 121 113 115 126 119 130 137 144 148 153 133 158 164 134 135 170 140 175 142 182 155 189 195 201 206 161 211 215 167 221 225 174 177 184 231 185 235 186 188 239 
910:       RR queue: 192 193 194 196 197 198 199 200 202 203 204 205 207 208 209 210 212 213 214 216 217 218 219 220 222 223 224 226 227 228 229 230 232 233 234 236 237 238 240 
910:       RR queue: 192 193 194 196 197 198 199 200 202 203 204 205 207 208 209 210 212 213 214 216 217 218 219 220 222 223 224 226 227 228 229 230 232 233 234 236 237 238 240 241 
910:       RR queue: 192 193 194 196 197 198 199 200 202 203 204 205 207 208 209 210 212 213 214 216 217 218 219 220 222 223 224 226 227 228 229 230 232 233 234 236 237 238 240 241 242 
911.25:    RR queue: 192 193 194 196 197 198 199 200 202 203 204 205 207 208 209 210 212 213 214 216 217 218 219 220 222 223 224 226 227 228 229 230 232 233 234 236 237 238 240 241 242 
916.5:     RR queue: 193 194 196 197 198 199 200 202 203 204 205 207 208 209 210 212 213 214 216 217 218 219 220 222 223 224 226 227 228 229 230 232 233 234 236 237 238 240 241 242 
921:       FCFS queue: 7 13 2 3 4 8 17 11 21 28 19 24 25 33 0 37 35 43 36 38 50 54 39 40 41 60 64 48 49 71 51 52 55 56 58 77 61 83 65 88 93 68 69 98 73 76 102 79 82 95 107 96 99 112 103 106 116 109 121 113 115 126 119 130 137 144 148 153 133 158 164 134 135 170 140 175 142 182 155 189 195 201 206 161 211 215 167 221 225 174 177 184 231 185 235 186 188 239 243 
921:       RR queue: 194 196 197 198 199 200 202 203 204 205 207 208 209 210 212 213 214 216 217 218 219 220 222 223 224 226 227 228 229 230 232 233 234 236 237 238 240 241 242 244 
921:       RR queue: 194 196 197 198 199 200 202 203 204 205 207 208 209 210 212 213 214 216 217 218 219 220 222 223 224 226 227 228 229 230 232 233 234 236 237 238 240 241 242 244 245 
921:       RR queue: 194 196 197 198 199 200 202 203 204 205 207 208 209 210 212 213 214 216 217 218 219 220 222 223 224 226 227 228 229 230 232 233 234 236 237 238 240 241 242 244 245 246 
921:       RR queue: 194 196 197 198 199 200 202 203 204 205 207 208 209 210 212 213 214 216 217 218 219 220 222 223 224 226 227 228 229 230 232 233 234 236 237 238 240 241 242 244 245 246 247 
921:       RR queue: 194 196 197 198 199 200 202 203 204 205 207 208 209 210 212 213 214 216 217 218 219 220 222 223 224 226 227 228 229 230 232 233 234 236 237 238 240 241 242 244 245 246 247 248 
921:       RR queue: 194 196 197 198 199 200 202 203 204 205 207 208 209 210 212 213 214 216 217 218 219 220 222 223 224 226 227 228 229 230 232 233 234 236 237 238 240 241 242 244 245 246 247 248 249 
923.75:    RR queue: 194 196 197 198 199 200 202 203 204 205 207 208 209 210 212 213 214 216 217 218 219 220 222 223 224 226 227 228 229 230 232 233 234 236 237 238 240 241 242 244 245 246 247 248 249 
927.0:     RR queue: 196 197 198 199 200 202 203 204 205 207 208 209 210 212 213 214 216 217 218 219 220 222 223 224 226 227 228 229 230 232 233 234 236 237 238 240 241 242 244 245 246 247 248 249 
936:       FCFS queue: 7 13 2 3 4 8 17 11 21 28 19 24 25 33 0 37 35 43 36 38 50 54 39 40 41 60 64 48 49 71 51 52 55 56 58 77 61 83 65 88 93 68 69 98 73 76 102 79 82 95 107 96 99 112 103 106 116 109 121 113 115 126 119 130 137 144 148 153 133 158 164 134 135 170 140 175 142 182 155 189 195 201 206 161 211 215 167 221 225 174 177 184 231 185 235 186 188 239 243 250 
936:       RR queue: 197 198 199 200 202 203 204 205 207 208 209 210 212 213 214 216 217 218 219 220 222 223 224 226 227 228 229 230 232 233 234 236 237 238 240 241 242 244 245 246 247 248 249 251 
936:       RR queue: 197 198 199 200 202 203 204 205 207 208 209 210 212 213 214 216 217 218 219 220 222 223 224 226 227 228 229 230 232 233 234 236 237 238 240 241 242 244 245 246 247 248 249 251 252 
936:       RR queue: 197 198 199 200 202 203 204 205 207 208 209 210 212 213 214 216 217 218 219 220 222 223 224 226 227 228 229 230 232 233 234 236 237 238 240 241 242 244 245 246 247 248 249 251 252 253 
936:       RR queue: 197 198 199 200 202 203 204 205 207 208 209 210 212 213 214 216 217 218 219 220 222 223 224 226 227 228 229 230 232 233 234 236 237 238 240 241 242 244 245 246 247 248 249 251 252 253 254 
936:       RR queue: 197 198 199 200 202 203 204 205 207 208 209 210 212 213 214 216 217 218 219 220 222 223 224 226 227 228 229 230 232 233 234 236 237 238 240 241 242 244 245 246 247 248 249 251 252 253 254 255 
936:       RR queue: 197 198 199 200 202 203 204 205 207 208 209 210 212 213 214 216 217 218 219 220 222 223 224 226 227 228 229 230 232 233 234 236 237 238 240 241 242 244 245 246 247 248 249 251 252 253 254 255 256 
937.0:     FCFS queue: 7 13 2 3 4 8 17 11 21 28 19 24 25 33 0 37 35 43 36 38 50 54 39 40 41 60 64 48 49 71 51 52 55 56 58 77 61 83 65 88 93 68 69 98 73 76 102 79 82 95 107 96 99 112 103 106 116 109 121 113 115 126 119 130 137 144 148 153 133 158 164 134 135 170 140 175 142 182 155 189 195 201 206 161 211 215 167 221 225 174 177 184 231 185 235 186 188 239 243 250 196 
937.0:     RR queue: 197 198 199 200 202 203 204 205 207 208 209 210 212 213 214 216 217 218 219 220 222 223 224 226 227 228 229 230 232 233 234 236 237 238 240 241 242 244 245 246 247 248 249 251 252 253 254 255 256 
947.0:     FCFS queue: 7 13 2 3 4 8 17 11 21 28 19 24 25 33 0 37 35 43 36 38 50 54 39 40 41 60 64 48 49 71 51 52 55 56 58 77 61 83 65 88 93 68 69 98 73 76 102 79 82 95 107 96 99 112 103 106 116 109 121 113 115 126 119 130 137 144 148 153 133 158 164 134 135 170 140 175 142 182 155 189 195 201 206 161 211 215 167 221 225 174 177 184 231 185 235 186 188 239 243 250 196 197 
947.0:     RR queue: 198 199 200 202 203 204 205 207 208 209 210 212 213 214 216 217 218 219 220 222 223 224 226 227 228 229 230 232 233 234 236 237 238 240 241 242 244 245 246 247 248 249 251 252 253 254 255 256 
950.25:    RR queue: 199 200 202 203 204 205 207 208 209 210 212 213 214 216 217 218 219 220 222 223 224 226 227 228 229 230 232 233 234 236 237 238 240 241 242 244 245 246 247 248 249 251 252 253 254 255 256 
954.5:     RR queue: 200 202 203 204 205 207 208 209 210 212 213 214 216 217 218 219 220 222 223 224 226 227 228 229 230 232 233 234 236 237 238 240 241 242 244 245 246 247 248 249 251 252 253 254 255 256 
964.5:     FCFS queue: 7 13 2 3 4 8 17 11 21 28 19 24 25 33 0 37 35 43 36 38 50 54 39 40 41 60 64 48 49 71 51 52 55 56 58 77 61 83 65 88 93 68 69 98 73 76 102 79 82 95 107 96 99 112 103 106 116 109 121 113 115 126 119 130 137 144 148 153 133 158 164 134 135 170 140 175 142 182 155 189 195 201 206 161 211 215 167 221 225 174 177 184 231 185 235 186 188 239 243 250 196 197 200 
964.5:     RR queue: 202 203 204 205 207 208 209 210 212 213 214 216 217 218 219 220 222 223 224 226 227 228 229 230 232 233 234 236 237 238 240 241 242 244 245 246 247 248 249 251 252 253 254 255 256 
968:       FCFS queue: 7 13 2 3 4 8 17 11 21 28 19 24 25 33 0 37 35 43 36 38 50 54 39 40 41 60 64 48 49 71 51 52 55 56 58 77 61 83 65 88 93 68 69 98 73 76 102 79 82 95 107 96 99 112 103 106 116 109 121 113 115 126 119 130 137 144 148 153 133 158 164 134 135 170 140 175 142 182 155 189 195 201 206 161 211 215 167 221 225 174 177 184 231 185 235 186 188 239 243 250 196 197 200 257 
968:       RR queue: 203 204 205 207 208 209 210 212 213 214 216 217 218 219 220 222 223 224 226 227 228 229 230 232 233 234 236 237 238 240 241 242 244 245 246 247 248 249 251 252 253 254 255 256 258 
968:       RR queue: 203 204 205 207 208 209 210 212 213 214 216 217 218 219 220 222 223 224 226 227 228 229 230 232 233 234 236 237 238 240 241 242 244 245 246 247 248 249 251 252 253 254 255 256 258 259 
968:       RR queue: 203 204 205 207 208 209 210 212 213 214 216 217 218 219 220 222 223 224 226 227 228 229 230 232 233 234 236 237 238 240 241 242 244 245 246 247 248 249 251 252 253 254 255 256 258 259 260 
968:       RR queue: 203 204 205 207 208 209 210 212 213 214 216 217 218 219 220 222 223 224 226 227 228 229 230 232 233 234 236 237 238 240 241 242 244 245 246 247 248 249 251 252 253 254 255 256 258 259 260 261 
968:       RR queue: 203 204 205 207 208 209 210 212 213 214 216 217 218 219 220 222 223 224 226 227 228 229 230 232 233 234 236 237 238 240 241 242 244 245 246 247 248 249 251 252 253 254 255 256 258 259 260 261 262 
971.75:    RR queue: 203 204 205 207 208 209 210 212 213 214 216 217 218 219 220 222 223 224 226 227 228 229 230 232 233 234 236 237 238 240 241 242 244 245 246 247 248 249 251 252 253 254 255 256 258 259 260 261 262 
973.0:     RR queue: 204 205 207 208 209 210 212 213 214 216 217 218 219 220 222 223 224 226 227 228 229 230 232 233 234 236 237 238 240 241 242 244 245 246 247 248 249 251 252 253 254 255 256 258 259 260 261 262 
973.25:    RR queue: 205 207 208 209 210 212 213 214 216 217 218 219 220 222 223 224 226 227 228 229 230 232 233 234 236 237 238 240 241 242 244 245 246 247 248 249 251 252 253 254 255 256 258 259 260 261 262 
983.25:    FCFS queue: 7 13 2 3 4 8 17 11 21 28 19 24 25 33 0 37 35 43 36 38 50 54 39 40 41 60 64 48 49 71 51 52 55 56 58 77 61 83 65 88 93 68 69 98 73 76 102 79 82 95 107 96 99 112 103 106 116 109 121 113 115 126 119 130 137 144 148 153 133 158 164 134 135 170 140 175 142 182 155 189 195 201 206 161 211 215 167 221 225 174 177 184 231 185 235 186 188 239 243 250 196 197 200 257 205 
983.25:    RR queue: 207 208 209 210 212 213 214 216 217 218 219 220 222 223 224 226 227 228 229 230 232 233 234 236 237 238 240 241 242 244 245 246 247 248 249 251 252 253 254 255 256 258 259 260 261 262 
983.5:     RR queue: 208 209 210 212 213 214 216 217 218 219 220 222 223 224 226 227 228 229 230 232 233 234 236 237 238 240 241 242 244 245 246 247 248 249 251 252 253 254 255 256 258 259 260 261 262 
990.75:    RR queue: 209 210 212 213 214 216 217 218 219 220 222 223 224 226 227 228 229 230 232 233 234 236 237 238 240 241 242 244 245 246 247 248 249 251 252 253 254 255 256 258 259 260 261 262 
992:       FCFS queue: 7 13 2 3 4 8 17 11 21 28 19 24 25 33 0 37 35 43 36 38 50 54 39 40 41 60 64 48 49 71 51 52 55 56 58 77 61 83 65 88 93 68 69 98 73 76 102 79 82 95 107 96 99 112 103 106 116 109 121 113 115 126 119 130 137 144 148 153 133 158 164 134 135 170 140 175 142 182 155 189 195 201 206 161 211 215 167 221 225 174 177 184 231 185 235 186 188 239 243 250 196 197 200 257 205 263 
992:       RR queue: 210 212 213 214 216 217 218 219 220 222 223 224 226 227 228 229 230 232 233 234 236 237 238 240 241 242 244 245 246 247 248 249 251 252 253 254 255 256 258 259 260 261 262 264 
992:       RR queue: 210 212 213 214 216 217 218 219 220 222 223 224 226 227 228 229 230 232 233 234 236 237 238 240 241 242 244 245 246 247 248 249 251 252 253 254 255 256 258 259 260 261 262 264 265 
992:       RR queue: 210 212 213 214 216 217 218 219 220 222 223 224 226 227 228 229 230 232 233 234 236 237 238 240 241 242 244 245 246 247 248 249 251 252 253 254 255 256 258 259 260 261 262 264 265 266 
992:       RR queue: 210 212 213 214 216 217 218 219 220 222 223 224 226 227 228 229 230 232 233 234 236 237 238 240 241 242 244 245 246 247 248 249 251 252 253 254 255 256 258 259 260 261 262 264 265 266 267 
999.0:     RR queue: 210 212 213 214 216 217 218 219 220 222 223 224 226 227 228 229 230 232 233 234 236 237 238 240 241 242 244 245 246 247 248 249 251 252 253 254 255 256 258 259 260 261 262 264 265 266 267 
