15:        FCFS queue: 0 
15:        FCFS queue: 0 
30:        FCFS queue: 1 
30:        FCFS queue: 1 0 
30:        FCFS queue: 1 0 
45:        FCFS queue: 0 2 
45:        FCFS queue: 0 2 1 
45:        FCFS queue: 0 2 1 
60:        FCFS queue: 2 1 3 
60:        FCFS queue: 2 1 3 
75:        FCFS queue: 1 3 4 
75:        FCFS queue: 1 3 4 2 
75:        FCFS queue: 1 3 4 2 
90:        FCFS queue: 3 4 2 5 
90:        FCFS queue: 3 4 2 5 
105:       FCFS queue: 4 2 5 6 
105:       FCFS queue: 4 2 5 6 3 
105:       FCFS queue: 4 2 5 6 3 
120:       FCFS queue: 2 5 6 3 7 
120:       FCFS queue: 2 5 6 3 7 4 
120:       FCFS queue: 2 5 6 3 7 4 
135:       FCFS queue: 5 6 3 7 4 8 
135:       FCFS queue: 5 6 3 7 4 8 
150:       FCFS queue: 6 3 7 4 8 9 
150:       FCFS queue: 6 3 7 4 8 9 5 
150:       FCFS queue: 6 3 7 4 8 9 5 
165:       FCFS queue: 3 7 4 8 9 5 10 
165:       FCFS queue: 3 7 4 8 9 5 10 6 
165:       FCFS queue: 3 7 4 8 9 5 10 6 
180:       FCFS queue: 7 4 8 9 5 10 6 11 
180:       FCFS queue: 7 4 8 9 5 10 6 11 
195:       FCFS queue: 4 8 9 5 10 6 11 12 
195:       FCFS queue: 4 8 9 5 10 6 11 12 7 
195:       FCFS queue: 4 8 9 5 10 6 11 12 7 
210:       FCFS queue: 8 9 5 10 6 11 12 7 13 
210:       FCFS queue: 8 9 5 10 6 11 12 7 13 
225:       FCFS queue: 9 5 10 6 11 12 7 13 14 
225:       FCFS queue: 9 5 10 6 11 12 7 13 14 8 
225:       FCFS queue: 9 5 10 6 11 12 7 13 14 8 
240:       FCFS queue: 5 10 6 11 12 7 13 14 8 15 
240:       FCFS queue: 5 10 6 11 12 7 13 14 8 15 9 
240:       FCFS queue: 5 10 6 11 12 7 13 14 8 15 9 
255:       FCFS queue: 10 6 11 12 7 13 14 8 15 9 16 
255:       FCFS queue: 10 6 11 12 7 13 14 8 15 9 16 
270:       FCFS queue: 6 11 12 7 13 14 8 15 9 16 17 
270:       FCFS queue: 6 11 12 7 13 14 8 15 9 16 17 10 
270:       FCFS queue: 6 11 12 7 13 14 8 15 9 16 17 10 
285:       FCFS queue: 11 12 7 13 14 8 15 9 16 17 10 18 
285:       FCFS queue: 11 12 7 13 14 8 15 9 16 17 10 18 
300:       FCFS queue: 12 7 13 14 8 15 9 16 17 10 18 19 
300:       FCFS queue: 12 7 13 14 8 15 9 16 17 10 18 19 11 
300:       FCFS queue: 12 7 13 14 8 15 9 16 17 10 18 19 11 
315:       FCFS queue: 7 13 14 8 15 9 16 17 10 18 19 11 20 
315:       FCFS queue: 7 13 14 8 15 9 16 17 10 18 19 11 20 12 
315:       FCFS queue: 7 13 14 8 15 9 16 17 10 18 19 11 20 12 
330:       FCFS queue: 13 14 8 15 9 16 17 10 18 19 11 20 12 21 
330:       FCFS queue: 13 14 8 15 9 16 17 10 18 19 11 20 12 21 
345:       FCFS queue: 14 8 15 9 16 17 10 18 19 11 20 12 21 22 
345:       FCFS queue: 14 8 15 9 16 17 10 18 19 11 20 12 21 22 13 
345:       FCFS queue: 14 8 15 9 16 17 10 18 19 11 20 12 21 22 13 
360:       FCFS queue: 8 15 9 16 17 10 18 19 11 20 12 21 22 13 23 
360:       FCFS queue: 8 15 9 16 17 10 18 19 11 20 12 21 22 13 23 14 
360:       FCFS queue: 8 15 9 16 17 10 18 19 11 20 12 21 22 13 23 14 
375:       FCFS queue: 15 9 16 17 10 18 19 11 20 12 21 22 13 23 14 24 
375:       FCFS queue: 15 9 16 17 10 18 19 11 20 12 21 22 13 23 14 24 
390:       FCFS queue: 9 16 17 10 18 19 11 20 12 21 22 13 23 14 24 25 
390:       FCFS queue: 9 16 17 10 18 19 11 20 12 21 22 13 23 14 24 25 15 
390:       FCFS queue: 9 16 17 10 18 19 11 20 12 21 22 13 23 14 24 25 15 
405:       FCFS queue: 16 17 10 18 19 11 20 12 21 22 13 23 14 24 25 15 26 
405:       FCFS queue: 16 17 10 18 19 11 20 12 21 22 13 23 14 24 25 15 26 
420:       FCFS queue: 17 10 18 19 11 20 12 21 22 13 23 14 24 25 15 26 27 
420:       FCFS queue: 17 10 18 19 11 20 12 21 22 13 23 14 24 25 15 26 27 16 
420:       FCFS queue: 17 10 18 19 11 20 12 21 22 13 23 14 24 25 15 26 27 16 
435:       FCFS queue: 10 18 19 11 20 12 21 22 13 23 14 24 25 15 26 27 16 28 
435:       FCFS queue: 10 18 19 11 20 12 21 22 13 23 14 24 25 15 26 27 16 28 17 
435:       FCFS queue: 10 18 19 11 20 12 21 22 13 23 14 24 25 15 26 27 16 28 17 
450:       FCFS queue: 18 19 11 20 12 21 22 13 23 14 24 25 15 26 27 16 28 17 29 
450:       FCFS queue: 18 19 11 20 12 21 22 13 23 14 24 25 15 26 27 16 28 17 29 
465:       FCFS queue: 19 11 20 12 21 22 13 23 14 24 25 15 26 27 16 28 17 29 30 
465:       FCFS queue: 19 11 20 12 21 22 13 23 14 24 25 15 26 27 16 28 17 29 30 18 
465:       FCFS queue: 19 11 20 12 21 22 13 23 14 24 25 15 26 27 16 28 17 29 30 18 
480:       FCFS queue: 11 20 12 21 22 13 23 14 24 25 15 26 27 16 28 17 29 30 18 31 
480:       FCFS queue: 11 20 12 21 22 13 23 14 24 25 15 26 27 16 28 17 29 30 18 31 19 
480:       FCFS queue: 11 20 12 21 22 13 23 14 24 25 15 26 27 16 28 17 29 30 18 31 19 
495:       FCFS queue: 20 12 21 22 13 23 14 24 25 15 26 27 16 28 17 29 30 18 31 19 32 
495:       FCFS queue: 20 12 21 22 13 23 14 24 25 15 26 27 16 28 17 29 30 18 31 19 32 
510:       FCFS queue: 12 21 22 13 23 14 24 25 15 26 27 16 28 17 29 30 18 31 19 32 33 
510:       FCFS queue: 12 21 22 13 23 14 24 25 15 26 27 16 28 17 29 30 18 31 19 32 33 20 
510:       FCFS queue: 12 21 22 13 23 14 24 25 15 26 27 16 28 17 29 30 18 31 19 32 33 20 
525:       FCFS queue: 21 22 13 23 14 24 25 15 26 27 16 28 17 29 30 18 31 19 32 33 20 34 
525:       FCFS queue: 21 22 13 23 14 24 25 15 26 27 16 28 17 29 30 18 31 19 32 33 20 34 
540:       FCFS queue: 22 13 23 14 24 25 15 26 27 16 28 17 29 30 18 31 19 32 33 20 34 35 
540:       FCFS queue: 22 13 23 14 24 25 15 26 27 16 28 17 29 30 18 31 19 32 33 20 34 35 21 
540:       FCFS queue: 22 13 23 14 24 25 15 26 27 16 28 17 29 30 18 31 19 32 33 20 34 35 21 
555:       FCFS queue: 13 23 14 24 25 15 26 27 16 28 17 29 30 18 31 19 32 33 20 34 35 21 36 
555:       FCFS queue: 13 23 14 24 25 15 26 27 16 28 17 29 30 18 31 19 32 33 20 34 35 21 36 22 
555:       FCFS queue: 13 23 14 24 25 15 26 27 16 28 17 29 30 18 31 19 32 33 20 34 35 21 36 22 
570:       FCFS queue: 23 14 24 25 15 26 27 16 28 17 29 30 18 31 19 32 33 20 34 35 21 36 22 37 
570:       FCFS queue: 23 14 24 25 15 26 27 16 28 17 29 30 18 31 19 32 33 20 34 35 21 36 22 37 
585:       FCFS queue: 14 24 25 15 26 27 16 28 17 29 30 18 31 19 32 33 20 34 35 21 36 22 37 38 
585:       FCFS queue: 14 24 25 15 26 27 16 28 17 29 30 18 31 19 32 33 20 34 35 21 36 22 37 38 23 
585:       FCFS queue: 14 24 25 15 26 27 16 28 17 29 30 18 31 19 32 33 20 34 35 21 36 22 37 38 23 
600:       FCFS queue: 24 25 15 26 27 16 28 17 29 30 18 31 19 32 33 20 34 35 21 36 22 37 38 23 39 
600:       FCFS queue: 24 25 15 26 27 16 28 17 29 30 18 31 19 32 33 20 34 35 21 36 22 37 38 23 39 
615:       FCFS queue: 25 15 26 27 16 28 17 29 30 18 31 19 32 33 20 34 35 21 36 22 37 38 23 39 40 
615:       FCFS queue: 25 15 26 27 16 28 17 29 30 18 31 19 32 33 20 34 35 21 36 22 37 38 23 39 40 24 
615:       FCFS queue: 25 15 26 27 16 28 17 29 30 18 31 19 32 33 20 34 35 21 36 22 37 38 23 39 40 24 
630:       FCFS queue: 15 26 27 16 28 17 29 30 18 31 19 32 33 20 34 35 21 36 22 37 38 23 39 40 24 41 
630:       FCFS queue: 15 26 27 16 28 17 29 30 18 31 19 32 33 20 34 35 21 36 22 37 38 23 39 40 24 41 25 
630:       FCFS queue: 15 26 27 16 28 17 29 30 18 31 19 32 33 20 34 35 21 36 22 37 38 23 39 40 24 41 25 
645:       FCFS queue: 26 27 16 28 17 29 30 18 31 19 32 33 20 34 35 21 36 22 37 38 23 39 40 24 41 25 42 
645:       FCFS queue: 26 27 16 28 17 29 30 18 31 19 32 33 20 34 35 21 36 22 37 38 23 39 40 24 41 25 42 
660:       FCFS queue: 27 16 28 17 29 30 18 31 19 32 33 20 34 35 21 36 22 37 38 23 39 40 24 41 25 42 43 
660:       FCFS queue: 27 16 28 17 29 30 18 31 19 32 33 20 34 35 21 36 22 37 38 23 39 40 24 41 25 42 43 26 
660:       FCFS queue: 27 16 28 17 29 30 18 31 19 32 33 20 34 35 21 36 22 37 38 23 39 40 24 41 25 42 43 26 
675:       FCFS queue: 16 28 17 29 30 18 31 19 32 33 20 34 35 21 36 22 37 38 23 39 40 24 41 25 42 43 26 44 
675:       FCFS queue: 16 28 17 29 30 18 31 19 32 33 20 34 35 21 36 22 37 38 23 39 40 24 41 25 42 43 26 44 27 
675:       FCFS queue: 16 28 17 29 30 18 31 19 32 33 20 34 35 21 36 22 37 38 23 39 40 24 41 25 42 43 26 44 27 
690:       FCFS queue: 28 17 29 30 18 31 19 32 33 20 34 35 21 36 22 37 38 23 39 40 24 41 25 42 43 26 44 27 45 
690:       FCFS queue: 28 17 29 30 18 31 19 32 33 20 34 35 21 36 22 37 38 23 39 40 24 41 25 42 43 26 44 27 45 
705:       FCFS queue: 17 29 30 18 31 19 32 33 20 34 35 21 36 22 37 38 23 39 40 24 41 25 42 43 26 44 27 45 46 
705:       FCFS queue: 17 29 30 18 31 19 32 33 20 34 35 21 36 22 37 38 23 39 40 24 41 25 42 43 26 44 27 45 46 28 
705:       FCFS queue: 17 29 30 18 31 19 32 33 20 34 35 21 36 22 37 38 23 39 40 24 41 25 42 43 26 44 27 45 46 28 
720:       FCFS queue: 29 30 18 31 19 32 33 20 34 35 21 36 22 37 38 23 39 40 24 41 25 42 43 26 44 27 45 46 28 47 
720:       FCFS queue: 29 30 18 31 19 32 33 20 34 35 21 36 22 37 38 23 39 40 24 41 25 42 43 26 44 27 45 46 28 47 
735:       FCFS queue: 30 18 31 19 32 33 20 34 35 21 36 22 37 38 23 39 40 24 41 25 42 43 26 44 27 45 46 28 47 48 
735:       FCFS queue: 30 18 31 19 32 33 20 34 35 21 36 22 37 38 23 39 40 24 41 25 42 43 26 44 27 45 46 28 47 48 29 
735:       FCFS queue: 30 18 31 19 32 33 20 34 35 21 36 22 37 38 23 39 40 24 41 25 42 43 26 44 27 45 46 28 47 48 29 
750:       FCFS queue: 18 31 19 32 33 20 34 35 21 36 22 37 38 23 39 40 24 41 25 42 43 26 44 27 45 46 28 47 48 29 49 
750:       FCFS queue: 18 31 19 32 33 20 34 35 21 36 22 37 38 23 39 40 24 41 25 42 43 26 44 27 45 46 28 47 48 29 49 30 
750:       FCFS queue: 18 31 19 32 33 20 34 35 21 36 22 37 38 23 39 40 24 41 25 42 43 26 44 27 45 46 28 47 48 29 49 30 
765:       FCFS queue: 31 19 32 33 20 34 35 21 36 22 37 38 23 39 40 24 41 25 42 43 26 44 27 45 46 28 47 48 29 49 30 50 
765:       FCFS queue: 31 19 32 33 20 34 35 21 36 22 37 38 23 39 40 24 41 25 42 43 26 44 27 45 46 28 47 48 29 49 30 50 
780:       FCFS queue: 19 32 33 20 34 35 21 36 22 37 38 23 39 40 24 41 25 42 43 26 44 27 45 46 28 47 48 29 49 30 50 51 
780:       FCFS queue: 19 32 33 20 34 35 21 36 22 37 38 23 39 40 24 41 25 42 43 26 44 27 45 46 28 47 48 29 49 30 50 51 31 
780:       FCFS queue: 19 32 33 20 34 35 21 36 22 37 38 23 39 40 24 41 25 42 43 26 44 27 45 46 28 47 48 29 49 30 50 51 31 
795:       FCFS queue: 32 33 20 34 35 21 36 22 37 38 23 39 40 24 41 25 42 43 26 44 27 45 46 28 47 48 29 49 30 50 51 31 52 
795:       FCFS queue: 32 33 20 34 35 21 36 22 37 38 23 39 40 24 41 25 42 43 26 44 27 45 46 28 47 48 29 49 30 50 51 31 52 
810:       FCFS queue: 33 20 34 35 21 36 22 37 38 23 39 40 24 41 25 42 43 26 44 27 45 46 28 47 48 29 49 30 50 51 31 52 53 
810:       FCFS queue: 33 20 34 35 21 36 22 37 38 23 39 40 24 41 25 42 43 26 44 27 45 46 28 47 48 29 49 30 50 51 31 52 53 32 
810:       FCFS queue: 33 20 34 35 21 36 22 37 38 23 39 40 24 41 25 42 43 26 44 27 45 46 28 47 48 29 49 30 50 51 31 52 53 32 
825:       FCFS queue: 20 34 35 21 36 22 37 38 23 39 40 24 41 25 42 43 26 44 27 45 46 28 47 48 29 49 30 50 51 31 52 53 32 54 
825:       FCFS queue: 20 34 35 21 36 22 37 38 23 39 40 24 41 25 42 43 26 44 27 45 46 28 47 48 29 49 30 50 51 31 52 53 32 54 33 
825:       FCFS queue: 20 34 35 21 36 22 37 38 23 39 40 24 41 25 42 43 26 44 27 45 46 28 47 48 29 49 30 50 51 31 52 53 32 54 33 
840:       FCFS queue: 34 35 21 36 22 37 38 23 39 40 24 41 25 42 43 26 44 27 45 46 28 47 48 29 49 30 50 51 31 52 53 32 54 33 55 
840:       FCFS queue: 34 35 21 36 22 37 38 23 39 40 24 41 25 42 43 26 44 27 45 46 28 47 48 29 49 30 50 51 31 52 53 32 54 33 55 
855:       FCFS queue: 35 21 36 22 37 38 23 39 40 24 41 25 42 43 26 44 27 45 46 28 47 48 29 49 30 50 51 31 52 53 32 54 33 55 56 
855:       FCFS queue: 35 21 36 22 37 38 23 39 40 24 41 25 42 43 26 44 27 45 46 28 47 48 29 49 30 50 51 31 52 53 32 54 33 55 56 34 
855:       FCFS queue: 35 21 36 22 37 38 23 39 40 24 41 25 42 43 26 44 27 45 46 28 47 48 29 49 30 50 51 31 52 53 32 54 33 55 56 34 
870:       FCFS queue: 21 36 22 37 38 23 39 40 24 41 25 42 43 26 44 27 45 46 28 47 48 29 49 30 50 51 31 52 53 32 54 33 55 56 34 57 
870:       FCFS queue: 21 36 22 37 38 23 39 40 24 41 25 42 43 26 44 27 45 46 28 47 48 29 49 30 50 51 31 52 53 32 54 33 55 56 34 57 35 
870:       FCFS queue: 21 36 22 37 38 23 39 40 24 41 25 42 43 26 44 27 45 46 28 47 48 29 49 30 50 51 31 52 53 32 54 33 55 56 34 57 35 
885:       FCFS queue: 36 22 37 38 23 39 40 24 41 25 42 43 26 44 27 45 46 28 47 48 29 49 30 50 51 31 52 53 32 54 33 55 56 34 57 35 58 
885:       FCFS queue: 36 22 37 38 23 39 40 24 41 25 42 43 26 44 27 45 46 28 47 48 29 49 30 50 51 31 52 53 32 54 33 55 56 34 57 35 58 
900:       FCFS queue: 22 37 38 23 39 40 24 41 25 42 43 26 44 27 45 46 28 47 48 29 49 30 50 51 31 52 53 32 54 33 55 56 34 57 35 58 59 
900:       FCFS queue: 22 37 38 23 39 40 24 41 25 42 43 26 44 27 45 46 28 47 48 29 49 30 50 51 31 52 53 32 54 33 55 56 34 57 35 58 59 36 
900:       FCFS queue: 22 37 38 23 39 40 24 41 25 42 43 26 44 27 45 46 28 47 48 29 49 30 50 51 31 52 53 32 54 33 55 56 34 57 35 58 59 36 
915:       FCFS queue: 37 38 23 39 40 24 41 25 42 43 26 44 27 45 46 28 47 48 29 49 30 50 51 31 52 53 32 54 33 55 56 34 57 35 58 59 36 60 
915:       FCFS queue: 37 38 23 39 40 24 41 25 42 43 26 44 27 45 46 28 47 48 29 49 30 50 51 31 52 53 32 54 33 55 56 34 57 35 58 59 36 60 
930:       FCFS queue: 38 23 39 40 24 41 25 42 43 26 44 27 45 46 28 47 48 29 49 30 50 51 31 52 53 32 54 33 55 56 34 57 35 58 59 36 60 61 
930:       FCFS queue: 38 23 39 40 24 41 25 42 43 26 44 27 45 46 28 47 48 29 49 30 50 51 31 52 53 32 54 33 55 56 34 57 35 58 59 36 60 61 37 
930:       FCFS queue: 38 23 39 40 24 41 25 42 43 26 44 27 45 46 28 47 48 29 49 30 50 51 31 52 53 32 54 33 55 56 34 57 35 58 59 36 60 61 37 
945:       FCFS queue: 23 39 40 24 41 25 42 43 26 44 27 45 46 28 47 48 29 49 30 50 51 31 52 53 32 54 33 55 56 34 57 35 58 59 36 60 61 37 62 
945:       FCFS queue: 23 39 40 24 41 25 42 43 26 44 27 45 46 28 47 48 29 49 30 50 51 31 52 53 32 54 33 55 56 34 57 35 58 59 36 60 61 37 62 38 
945:       FCFS queue: 23 39 40 24 41 25 42 43 26 44 27 45 46 28 47 48 29 49 30 50 51 31 52 53 32 54 33 55 56 34 57 35 58 59 36 60 61 37 62 38 
960:       FCFS queue: 39 40 24 41 25 42 43 26 44 27 45 46 28 47 48 29 49 30 50 51 31 52 53 32 54 33 55 56 34 57 35 58 59 36 60 61 37 62 38 63 
960:       FCFS queue: 39 40 24 41 25 42 43 26 44 27 45 46 28 47 48 29 49 30 50 51 31 52 53 32 54 33 55 56 34 57 35 58 59 36 60 61 37 62 38 63 
975:       FCFS queue: 40 24 41 25 42 43 26 44 27 45 46 28 47 48 29 49 30 50 51 31 52 53 32 54 33 55 56 34 57 35 58 59 36 60 61 37 62 38 63 64 
975:       FCFS queue: 40 24 41 25 42 43 26 44 27 45 46 28 47 48 29 49 30 50 51 31 52 53 32 54 33 55 56 34 57 35 58 59 36 60 61 37 62 38 63 64 39 
975:       FCFS queue: 40 24 41 25 42 43 26 44 27 45 46 28 47 48 29 49 30 50 51 31 52 53 32 54 33 55 56 34 57 35 58 59 36 60 61 37 62 38 63 64 39 
990:       FCFS queue: 24 41 25 42 43 26 44 27 45 46 28 47 48 29 49 30 50 51 31 52 53 32 54 33 55 56 34 57 35 58 59 36 60 61 37 62 38 63 64 39 65 
990:       FCFS queue: 24 41 25 42 43 26 44 27 45 46 28 47 48 29 49 30 50 51 31 52 53 32 54 33 55 56 34 57 35 58 59 36 60 61 37 62 38 63 64 39 65 40 
990:       FCFS queue: 24 41 25 42 43 26 44 27 45 46 28 47 48 29 49 30 50 51 31 52 53 32 54 33 55 56 34 57 35 58 59 36 60 61 37 62 38 63 64 39 65 40 
