15:        RR queue: 0 
15:        RR queue: 0 
25:        FCFS queue: 0 
25:        FCFS queue: 0 
30:        RR queue: 1 
30:        FCFS queue: 0 
30:        RR queue: 1 
40:        FCFS queue: 0 1 
40:        FCFS queue: 0 1 
45:        RR queue: 2 
45:        FCFS queue: 1 0 
45:        RR queue: 2 
55:        FCFS queue: 1 0 2 
55:        FCFS queue: 1 0 2 
60:        RR queue: 3 
60:        FCFS queue: 0 2 1 
60:        RR queue: 3 
70:        FCFS queue: 0 2 1 3 
70:        FCFS queue: 0 2 1 3 
75:        RR queue: 4 
75:        FCFS queue: 2 1 3 0 
75:        RR queue: 4 
85:        FCFS queue: 2 1 3 0 4 
85:        FCFS queue: 2 1 3 0 4 
90:        RR queue: 5 
90:        FCFS queue: 1 3 0 4 2 
90:        RR queue: 5 
100:       FCFS queue: 1 3 0 4 2 5 
100:       FCFS queue: 1 3 0 4 2 5 
105:       RR queue: 6 
105:       FCFS queue: 3 0 4 2 5 1 
105:       RR queue: 6 
115:       FCFS queue: 3 0 4 2 5 1 6 
115:       FCFS queue: 3 0 4 2 5 1 6 
120:       RR queue: 7 
120:       FCFS queue: 0 4 2 5 1 6 3 
120:       RR queue: 7 
130:       FCFS queue: 0 4 2 5 1 6 3 7 
130:       FCFS queue: 0 4 2 5 1 6 3 7 
135:       RR queue: 8 
135:       FCFS queue: 4 2 5 1 6 3 7 
150:       RR queue: 8 9 
150:       FCFS queue: 2 5 1 6 3 7 4 
150:       RR queue: 8 9 
160:       FCFS queue: 2 5 1 6 3 7 4 8 
160:       RR queue: 9 
165:       RR queue: 10 
170:       FCFS queue: 2 5 1 6 3 7 4 8 9 
170:       RR queue: 10 
180:       RR queue: 11 
180:       FCFS queue: 2 5 1 6 3 7 4 8 9 10 
180:       RR queue: 11 
190:       FCFS queue: 2 5 1 6 3 7 4 8 9 10 11 
190:       FCFS queue: 2 5 1 6 3 7 4 8 9 10 11 
195:       RR queue: 12 
195:       FCFS queue: 5 1 6 3 7 4 8 9 10 11 2 
195:       RR queue: 12 
205:       FCFS queue: 5 1 6 3 7 4 8 9 10 11 2 12 
205:       FCFS queue: 5 1 6 3 7 4 8 9 10 11 2 12 
210:       RR queue: 13 
210:       FCFS queue: 1 6 3 7 4 8 9 10 11 2 12 5 
210:       RR queue: 13 
220:       FCFS queue: 1 6 3 7 4 8 9 10 11 2 12 5 13 
220:       FCFS queue: 1 6 3 7 4 8 9 10 11 2 12 5 13 
225:       RR queue: 14 
225:       FCFS queue: 6 3 7 4 8 9 10 11 2 12 5 13 1 
225:       RR queue: 14 
235:       FCFS queue: 6 3 7 4 8 9 10 11 2 12 5 13 1 14 
235:       FCFS queue: 6 3 7 4 8 9 10 11 2 12 5 13 1 14 
240:       RR queue: 15 
240:       FCFS queue: 3 7 4 8 9 10 11 2 12 5 13 1 14 6 
240:       RR queue: 15 
250:       FCFS queue: 3 7 4 8 9 10 11 2 12 5 13 1 14 6 15 
250:       FCFS queue: 3 7 4 8 9 10 11 2 12 5 13 1 14 6 15 
255:       RR queue: 16 
255:       FCFS queue: 7 4 8 9 10 11 2 12 5 13 1 14 6 15 3 
255:       RR queue: 16 
265:       FCFS queue: 7 4 8 9 10 11 2 12 5 13 1 14 6 15 3 16 
265:       FCFS queue: 7 4 8 9 10 11 2 12 5 13 1 14 6 15 3 16 
270:       RR queue: 17 
270:       FCFS queue: 4 8 9 10 11 2 12 5 13 1 14 6 15 3 16 7 
270:       RR queue: 17 
280:       FCFS queue: 4 8 9 10 11 2 12 5 13 1 14 6 15 3 16 7 17 
280:       FCFS queue: 4 8 9 10 11 2 12 5 13 1 14 6 15 3 16 7 17 
285:       RR queue: 18 
285:       FCFS queue: 8 9 10 11 2 12 5 13 1 14 6 15 3 16 7 17 
300:       RR queue: 18 19 
300:       FCFS queue: 9 10 11 2 12 5 13 1 14 6 15 3 16 7 17 8 
300:       RR queue: 18 19 
310:       FCFS queue: 9 10 11 2 12 5 13 1 14 6 15 3 16 7 17 8 18 
310:       RR queue: 19 
315:       RR queue: 20 
320:       FCFS queue: 9 10 11 2 12 5 13 1 14 6 15 3 16 7 17 8 18 19 
320:       RR queue: 20 
330:       RR queue: 21 
330:       FCFS queue: 9 10 11 2 12 5 13 1 14 6 15 3 16 7 17 8 18 19 20 
330:       RR queue: 21 
340:       FCFS queue: 9 10 11 2 12 5 13 1 14 6 15 3 16 7 17 8 18 19 20 21 
340:       FCFS queue: 9 10 11 2 12 5 13 1 14 6 15 3 16 7 17 8 18 19 20 21 
345:       RR queue: 22 
345:       FCFS queue: 10 11 2 12 5 13 1 14 6 15 3 16 7 17 8 18 19 20 21 9 
345:       RR queue: 22 
355:       FCFS queue: 10 11 2 12 5 13 1 14 6 15 3 16 7 17 8 18 19 20 21 9 22 
355:       FCFS queue: 10 11 2 12 5 13 1 14 6 15 3 16 7 17 8 18 19 20 21 9 22 
360:       RR queue: 23 
360:       FCFS queue: 11 2 12 5 13 1 14 6 15 3 16 7 17 8 18 19 20 21 9 22 10 
360:       RR queue: 23 
370:       FCFS queue: 11 2 12 5 13 1 14 6 15 3 16 7 17 8 18 19 20 21 9 22 10 23 
370:       FCFS queue: 11 2 12 5 13 1 14 6 15 3 16 7 17 8 18 19 20 21 9 22 10 23 
375:       RR queue: 24 
375:       FCFS queue: 2 12 5 13 1 14 6 15 3 16 7 17 8 18 19 20 21 9 22 10 23 11 
375:       RR queue: 24 
385:       FCFS queue: 2 12 5 13 1 14 6 15 3 16 7 17 8 18 19 20 21 9 22 10 23 11 24 
385:       FCFS queue: 2 12 5 13 1 14 6 15 3 16 7 17 8 18 19 20 21 9 22 10 23 11 24 
390:       RR queue: 25 
390:       FCFS queue: 12 5 13 1 14 6 15 3 16 7 17 8 18 19 20 21 9 22 10 23 11 24 2 
390:       RR queue: 25 
400:       FCFS queue: 12 5 13 1 14 6 15 3 16 7 17 8 18 19 20 21 9 22 10 23 11 24 2 25 
400:       FCFS queue: 12 5 13 1 14 6 15 3 16 7 17 8 18 19 20 21 9 22 10 23 11 24 2 25 
405:       RR queue: 26 
405:       FCFS queue: 5 13 1 14 6 15 3 16 7 17 8 18 19 20 21 9 22 10 23 11 24 2 25 12 
405:       RR queue: 26 
415:       FCFS queue: 5 13 1 14 6 15 3 16 7 17 8 18 19 20 21 9 22 10 23 11 24 2 25 12 26 
415:       FCFS queue: 5 13 1 14 6 15 3 16 7 17 8 18 19 20 21 9 22 10 23 11 24 2 25 12 26 
420:       RR queue: 27 
420:       FCFS queue: 13 1 14 6 15 3 16 7 17 8 18 19 20 21 9 22 10 23 11 24 2 25 12 26 5 
420:       RR queue: 27 
430:       FCFS queue: 13 1 14 6 15 3 16 7 17 8 18 19 20 21 9 22 10 23 11 24 2 25 12 26 5 27 
430:       FCFS queue: 13 1 14 6 15 3 16 7 17 8 18 19 20 21 9 22 10 23 11 24 2 25 12 26 5 27 
435:       RR queue: 28 
435:       FCFS queue: 1 14 6 15 3 16 7 17 8 18 19 20 21 9 22 10 23 11 24 2 25 12 26 5 27 13 
435:       RR queue: 28 
445:       FCFS queue: 1 14 6 15 3 16 7 17 8 18 19 20 21 9 22 10 23 11 24 2 25 12 26 5 27 13 28 
445:       FCFS queue: 1 14 6 15 3 16 7 17 8 18 19 20 21 9 22 10 23 11 24 2 25 12 26 5 27 13 28 
450:       RR queue: 29 
450:       FCFS queue: 14 6 15 3 16 7 17 8 18 19 20 21 9 22 10 23 11 24 2 25 12 26 5 27 13 28 
465:       RR queue: 29 30 
465:       FCFS queue: 6 15 3 16 7 17 8 18 19 20 21 9 22 10 23 11 24 2 25 12 26 5 27 13 28 14 
465:       RR queue: 29 30 
475:       FCFS queue: 6 15 3 16 7 17 8 18 19 20 21 9 22 10 23 11 24 2 25 12 26 5 27 13 28 14 29 
475:       RR queue: 30 
480:       RR queue: 31 
485:       FCFS queue: 6 15 3 16 7 17 8 18 19 20 21 9 22 10 23 11 24 2 25 12 26 5 27 13 28 14 29 30 
485:       RR queue: 31 
495:       RR queue: 32 
495:       FCFS queue: 6 15 3 16 7 17 8 18 19 20 21 9 22 10 23 11 24 2 25 12 26 5 27 13 28 14 29 30 31 
495:       RR queue: 32 
505:       FCFS queue: 6 15 3 16 7 17 8 18 19 20 21 9 22 10 23 11 24 2 25 12 26 5 27 13 28 14 29 30 31 32 
505:       FCFS queue: 6 15 3 16 7 17 8 18 19 20 21 9 22 10 23 11 24 2 25 12 26 5 27 13 28 14 29 30 31 32 
510:       RR queue: 33 
510:       FCFS queue: 15 3 16 7 17 8 18 19 20 21 9 22 10 23 11 24 2 25 12 26 5 27 13 28 14 29 30 31 32 6 
510:       RR queue: 33 
520:       FCFS queue: 15 3 16 7 17 8 18 19 20 21 9 22 10 23 11 24 2 25 12 26 5 27 13 28 14 29 30 31 32 6 33 
520:       FCFS queue: 15 3 16 7 17 8 18 19 20 21 9 22 10 23 11 24 2 25 12 26 5 27 13 28 14 29 30 31 32 6 33 
525:       RR queue: 34 
525:       FCFS queue: 3 16 7 17 8 18 19 20 21 9 22 10 23 11 24 2 25 12 26 5 27 13 28 14 29 30 31 32 6 33 15 
525:       RR queue: 34 
535:       FCFS queue: 3 16 7 17 8 18 19 20 21 9 22 10 23 11 24 2 25 12 26 5 27 13 28 14 29 30 31 32 6 33 15 34 
535:       FCFS queue: 3 16 7 17 8 18 19 20 21 9 22 10 23 11 24 2 25 12 26 5 27 13 28 14 29 30 31 32 6 33 15 34 
540:       RR queue: 35 
540:       FCFS queue: 16 7 17 8 18 19 20 21 9 22 10 23 11 24 2 25 12 26 5 27 13 28 14 29 30 31 32 6 33 15 34 3 
540:       RR queue: 35 
550:       FCFS queue: 16 7 17 8 18 19 20 21 9 22 10 23 11 24 2 25 12 26 5 27 13 28 14 29 30 31 32 6 33 15 34 3 35 
550:       FCFS queue: 16 7 17 8 18 19 20 21 9 22 10 23 11 24 2 25 12 26 5 27 13 28 14 29 30 31 32 6 33 15 34 3 35 
555:       RR queue: 36 
555:       FCFS queue: 7 17 8 18 19 20 21 9 22 10 23 11 24 2 25 12 26 5 27 13 28 14 29 30 31 32 6 33 15 34 3 35 16 
555:       RR queue: 36 
565:       FCFS queue: 7 17 8 18 19 20 21 9 22 10 23 11 24 2 25 12 26 5 27 13 28 14 29 30 31 32 6 33 15 34 3 35 16 36 
565:       FCFS queue: 7 17 8 18 19 20 21 9 22 10 23 11 24 2 25 12 26 5 27 13 28 14 29 30 31 32 6 33 15 34 3 35 16 36 
570:       RR queue: 37 
570:       FCFS queue: 17 8 18 19 20 21 9 22 10 23 11 24 2 25 12 26 5 27 13 28 14 29 30 31 32 6 33 15 34 3 35 16 36 7 
570:       RR queue: 37 
580:       FCFS queue: 17 8 18 19 20 21 9 22 10 23 11 24 2 25 12 26 5 27 13 28 14 29 30 31 32 6 33 15 34 3 35 16 36 7 37 
580:       FCFS queue: 17 8 18 19 20 21 9 22 10 23 11 24 2 25 12 26 5 27 13 28 14 29 30 31 32 6 33 15 34 3 35 16 36 7 37 
585:       RR queue: 38 
585:       FCFS queue: 8 18 19 20 21 9 22 10 23 11 24 2 25 12 26 5 27 13 28 14 29 30 31 32 6 33 15 34 3 35 16 36 7 37 17 
585:       RR queue: 38 
595:       FCFS queue: 8 18 19 20 21 9 22 10 23 11 24 2 25 12 26 5 27 13 28 14 29 30 31 32 6 33 15 34 3 35 16 36 7 37 17 38 
595:       FCFS queue: 8 18 19 20 21 9 22 10 23 11 24 2 25 12 26 5 27 13 28 14 29 30 31 32 6 33 15 34 3 35 16 36 7 37 17 38 
600:       RR queue: 39 
600:       FCFS queue: 18 19 20 21 9 22 10 23 11 24 2 25 12 26 5 27 13 28 14 29 30 31 32 6 33 15 34 3 35 16 36 7 37 17 38 
615:       RR queue: 39 40 
615:       FCFS queue: 19 20 21 9 22 10 23 11 24 2 25 12 26 5 27 13 28 14 29 30 31 32 6 33 15 34 3 35 16 36 7 37 17 38 18 
615:       RR queue: 39 40 
625:       FCFS queue: 19 20 21 9 22 10 23 11 24 2 25 12 26 5 27 13 28 14 29 30 31 32 6 33 15 34 3 35 16 36 7 37 17 38 18 39 
625:       RR queue: 40 
630:       RR queue: 41 
635:       FCFS queue: 19 20 21 9 22 10 23 11 24 2 25 12 26 5 27 13 28 14 29 30 31 32 6 33 15 34 3 35 16 36 7 37 17 38 18 39 40 
635:       RR queue: 41 
645:       RR queue: 42 
645:       FCFS queue: 19 20 21 9 22 10 23 11 24 2 25 12 26 5 27 13 28 14 29 30 31 32 6 33 15 34 3 35 16 36 7 37 17 38 18 39 40 41 
645:       RR queue: 42 
655:       FCFS queue: 19 20 21 9 22 10 23 11 24 2 25 12 26 5 27 13 28 14 29 30 31 32 6 33 15 34 3 35 16 36 7 37 17 38 18 39 40 41 42 
655:       FCFS queue: 19 20 21 9 22 10 23 11 24 2 25 12 26 5 27 13 28 14 29 30 31 32 6 33 15 34 3 35 16 36 7 37 17 38 18 39 40 41 42 
660:       RR queue: 43 
660:       FCFS queue: 20 21 9 22 10 23 11 24 2 25 12 26 5 27 13 28 14 29 30 31 32 6 33 15 34 3 35 16 36 7 37 17 38 18 39 40 41 42 19 
660:       RR queue: 43 
670:       FCFS queue: 20 21 9 22 10 23 11 24 2 25 12 26 5 27 13 28 14 29 30 31 32 6 33 15 34 3 35 16 36 7 37 17 38 18 39 40 41 42 19 43 
670:       FCFS queue: 20 21 9 22 10 23 11 24 2 25 12 26 5 27 13 28 14 29 30 31 32 6 33 15 34 3 35 16 36 7 37 17 38 18 39 40 41 42 19 43 
675:       RR queue: 44 
675:       FCFS queue: 21 9 22 10 23 11 24 2 25 12 26 5 27 13 28 14 29 30 31 32 6 33 15 34 3 35 16 36 7 37 17 38 18 39 40 41 42 19 43 20 
675:       RR queue: 44 
685:       FCFS queue: 21 9 22 10 23 11 24 2 25 12 26 5 27 13 28 14 29 30 31 32 6 33 15 34 3 35 16 36 7 37 17 38 18 39 40 41 42 19 43 20 44 
685:       FCFS queue: 21 9 22 10 23 11 24 2 25 12 26 5 27 13 28 14 29 30 31 32 6 33 15 34 3 35 16 36 7 37 17 38 18 39 40 41 42 19 43 20 44 
690:       RR queue: 45 
690:       FCFS queue: 9 22 10 23 11 24 2 25 12 26 5 27 13 28 14 29 30 31 32 6 33 15 34 3 35 16 36 7 37 17 38 18 39 40 41 42 19 43 20 44 21 
690:       RR queue: 45 
700:       FCFS queue: 9 22 10 23 11 24 2 25 12 26 5 27 13 28 14 29 30 31 32 6 33 15 34 3 35 16 36 7 37 17 38 18 39 40 41 42 19 43 20 44 21 45 
700:       FCFS queue: 9 22 10 23 11 24 2 25 12 26 5 27 13 28 14 29 30 31 32 6 33 15 34 3 35 16 36 7 37 17 38 18 39 40 41 42 19 43 20 44 21 45 
705:       RR queue: 46 
705:       FCFS queue: 22 10 23 11 24 2 25 12 26 5 27 13 28 14 29 30 31 32 6 33 15 34 3 35 16 36 7 37 17 38 18 39 40 41 42 19 43 20 44 21 45 9 
705:       RR queue: 46 
715:       FCFS queue: 22 10 23 11 24 2 25 12 26 5 27 13 28 14 29 30 31 32 6 33 15 34 3 35 16 36 7 37 17 38 18 39 40 41 42 19 43 20 44 21 45 9 46 
715:       FCFS queue: 22 10 23 11 24 2 25 12 26 5 27 13 28 14 29 30 31 32 6 33 15 34 3 35 16 36 7 37 17 38 18 39 40 41 42 19 43 20 44 21 45 9 46 
720:       RR queue: 47 
720:       FCFS queue: 10 23 11 24 2 25 12 26 5 27 13 28 14 29 30 31 32 6 33 15 34 3 35 16 36 7 37 17 38 18 39 40 41 42 19 43 20 44 21 45 9 46 22 
720:       RR queue: 47 
730:       FCFS queue: 10 23 11 24 2 25 12 26 5 27 13 28 14 29 30 31 32 6 33 15 34 3 35 16 36 7 37 17 38 18 39 40 41 42 19 43 20 44 21 45 9 46 22 47 
730:       FCFS queue: 10 23 11 24 2 25 12 26 5 27 13 28 14 29 30 31 32 6 33 15 34 3 35 16 36 7 37 17 38 18 39 40 41 42 19 43 20 44 21 45 9 46 22 47 
735:       RR queue: 48 
735:       FCFS queue: 23 11 24 2 25 12 26 5 27 13 28 14 29 30 31 32 6 33 15 34 3 35 16 36 7 37 17 38 18 39 40 41 42 19 43 20 44 21 45 9 46 22 47 10 
735:       RR queue: 48 
745:       FCFS queue: 23 11 24 2 25 12 26 5 27 13 28 14 29 30 31 32 6 33 15 34 3 35 16 36 7 37 17 38 18 39 40 41 42 19 43 20 44 21 45 9 46 22 47 10 48 
745:       FCFS queue: 23 11 24 2 25 12 26 5 27 13 28 14 29 30 31 32 6 33 15 34 3 35 16 36 7 37 17 38 18 39 40 41 42 19 43 20 44 21 45 9 46 22 47 10 48 
750:       RR queue: 49 
750:       FCFS queue: 11 24 2 25 12 26 5 27 13 28 14 29 30 31 32 6 33 15 34 3 35 16 36 7 37 17 38 18 39 40 41 42 19 43 20 44 21 45 9 46 22 47 10 48 23 
750:       RR queue: 49 
760:       FCFS queue: 11 24 2 25 12 26 5 27 13 28 14 29 30 31 32 6 33 15 34 3 35 16 36 7 37 17 38 18 39 40 41 42 19 43 20 44 21 45 9 46 22 47 10 48 23 49 
760:       FCFS queue: 11 24 2 25 12 26 5 27 13 28 14 29 30 31 32 6 33 15 34 3 35 16 36 7 37 17 38 18 39 40 41 42 19 43 20 44 21 45 9 46 22 47 10 48 23 49 
765:       RR queue: 50 
765:       FCFS queue: 24 2 25 12 26 5 27 13 28 14 29 30 31 32 6 33 15 34 3 35 16 36 7 37 17 38 18 39 40 41 42 19 43 20 44 21 45 9 46 22 47 10 48 23 49 11 
765:       RR queue: 50 
775:       FCFS queue: 24 2 25 12 26 5 27 13 28 14 29 30 31 32 6 33 15 34 3 35 16 36 7 37 17 38 18 39 40 41 42 19 43 20 44 21 45 9 46 22 47 10 48 23 49 11 50 
775:       FCFS queue: 24 2 25 12 26 5 27 13 28 14 29 30 31 32 6 33 15 34 3 35 16 36 7 37 17 38 18 39 40 41 42 19 43 20 44 21 45 9 46 22 47 10 48 23 49 11 50 
780:       RR queue: 51 
780:       FCFS queue: 2 25 12 26 5 27 13 28 14 29 30 31 32 6 33 15 34 3 35 16 36 7 37 17 38 18 39 40 41 42 19 43 20 44 21 45 9 46 22 47 10 48 23 49 11 50 24 
780:       RR queue: 51 
790:       FCFS queue: 2 25 12 26 5 27 13 28 14 29 30 31 32 6 33 15 34 3 35 16 36 7 37 17 38 18 39 40 41 42 19 43 20 44 21 45 9 46 22 47 10 48 23 49 11 50 24 51 
790:       FCFS queue: 2 25 12 26 5 27 13 28 14 29 30 31 32 6 33 15 34 3 35 16 36 7 37 17 38 18 39 40 41 42 19 43 20 44 21 45 9 46 22 47 10 48 23 49 11 50 24 51 
795:       RR queue: 52 
795:       FCFS queue: 25 12 26 5 27 13 28 14 29 30 31 32 6 33 15 34 3 35 16 36 7 37 17 38 18 39 40 41 42 19 43 20 44 21 45 9 46 22 47 10 48 23 49 11 50 24 51 
810:       RR queue: 52 53 
810:       FCFS queue: 12 26 5 27 13 28 14 29 30 31 32 6 33 15 34 3 35 16 36 7 37 17 38 18 39 40 41 42 19 43 20 44 21 45 9 46 22 47 10 48 23 49 11 50 24 51 25 
810:       RR queue: 52 53 
820:       FCFS queue: 12 26 5 27 13 28 14 29 30 31 32 6 33 15 34 3 35 16 36 7 37 17 38 18 39 40 41 42 19 43 20 44 21 45 9 46 22 47 10 48 23 49 11 50 24 51 25 52 
820:       RR queue: 53 
825:       RR queue: 54 
830:       FCFS queue: 12 26 5 27 13 28 14 29 30 31 32 6 33 15 34 3 35 16 36 7 37 17 38 18 39 40 41 42 19 43 20 44 21 45 9 46 22 47 10 48 23 49 11 50 24 51 25 52 53 
830:       RR queue: 54 
840:       RR queue: 55 
840:       FCFS queue: 12 26 5 27 13 28 14 29 30 31 32 6 33 15 34 3 35 16 36 7 37 17 38 18 39 40 41 42 19 43 20 44 21 45 9 46 22 47 10 48 23 49 11 50 24 51 25 52 53 54 
840:       RR queue: 55 
850:       FCFS queue: 12 26 5 27 13 28 14 29 30 31 32 6 33 15 34 3 35 16 36 7 37 17 38 18 39 40 41 42 19 43 20 44 21 45 9 46 22 47 10 48 23 49 11 50 24 51 25 52 53 54 55 
850:       FCFS queue: 12 26 5 27 13 28 14 29 30 31 32 6 33 15 34 3 35 16 36 7 37 17 38 18 39 40 41 42 19 43 20 44 21 45 9 46 22 47 10 48 23 49 11 50 24 51 25 52 53 54 55 
855:       RR queue: 56 
855:       FCFS queue: 26 5 27 13 28 14 29 30 31 32 6 33 15 34 3 35 16 36 7 37 17 38 18 39 40 41 42 19 43 20 44 21 45 9 46 22 47 10 48 23 49 11 50 24 51 25 52 53 54 55 12 
855:       RR queue: 56 
865:       FCFS queue: 26 5 27 13 28 14 29 30 31 32 6 33 15 34 3 35 16 36 7 37 17 38 18 39 40 41 42 19 43 20 44 21 45 9 46 22 47 10 48 23 49 11 50 24 51 25 52 53 54 55 12 56 
865:       FCFS queue: 26 5 27 13 28 14 29 30 31 32 6 33 15 34 3 35 16 36 7 37 17 38 18 39 40 41 42 19 43 20 44 21 45 9 46 22 47 10 48 23 49 11 50 24 51 25 52 53 54 55 12 56 
870:       RR queue: 57 
870:       FCFS queue: 5 27 13 28 14 29 30 31 32 6 33 15 34 3 35 16 36 7 37 17 38 18 39 40 41 42 19 43 20 44 21 45 9 46 22 47 10 48 23 49 11 50 24 51 25 52 53 54 55 12 56 26 
870:       RR queue: 57 
880:       FCFS queue: 5 27 13 28 14 29 30 31 32 6 33 15 34 3 35 16 36 7 37 17 38 18 39 40 41 42 19 43 20 44 21 45 9 46 22 47 10 48 23 49 11 50 24 51 25 52 53 54 55 12 56 26 57 
880:       FCFS queue: 5 27 13 28 14 29 30 31 32 6 33 15 34 3 35 16 36 7 37 17 38 18 39 40 41 42 19 43 20 44 21 45 9 46 22 47 10 48 23 49 11 50 24 51 25 52 53 54 55 12 56 26 57 
885:       RR queue: 58 
885:       FCFS queue: 27 13 28 14 29 30 31 32 6 33 15 34 3 35 16 36 7 37 17 38 18 39 40 41 42 19 43 20 44 21 45 9 46 22 47 10 48 23 49 11 50 24 51 25 52 53 54 55 12 56 26 57 5 
885:       RR queue: 58 
895:       FCFS queue: 27 13 28 14 29 30 31 32 6 33 15 34 3 35 16 36 7 37 17 38 18 39 40 41 42 19 43 20 44 21 45 9 46 22 47 10 48 23 49 11 50 24 51 25 52 53 54 55 12 56 26 57 5 58 
895:       FCFS queue: 27 13 28 14 29 30 31 32 6 33 15 34 3 35 16 36 7 37 17 38 18 39 40 41 42 19 43 20 44 21 45 9 46 22 47 10 48 23 49 11 50 24 51 25 52 53 54 55 12 56 26 57 5 58 
900:       RR queue: 59 
900:       FCFS queue: 13 28 14 29 30 31 32 6 33 15 34 3 35 16 36 7 37 17 38 18 39 40 41 42 19 43 20 44 21 45 9 46 22 47 10 48 23 49 11 50 24 51 25 52 53 54 55 12 56 26 57 5 58 27 
900:       RR queue: 59 
910:       FCFS queue: 13 28 14 29 30 31 32 6 33 15 34 3 35 16 36 7 37 17 38 18 39 40 41 42 19 43 20 44 21 45 9 46 22 47 10 48 23 49 11 50 24 51 25 52 53 54 55 12 56 26 57 5 58 27 59 
910:       FCFS queue: 13 28 14 29 30 31 32 6 33 15 34 3 35 16 36 7 37 17 38 18 39 40 41 42 19 43 20 44 21 45 9 46 22 47 10 48 23 49 11 50 24 51 25 52 53 54 55 12 56 26 57 5 58 27 59 
915:       RR queue: 60 
915:       FCFS queue: 28 14 29 30 31 32 6 33 15 34 3 35 16 36 7 37 17 38 18 39 40 41 42 19 43 20 44 21 45 9 46 22 47 10 48 23 49 11 50 24 51 25 52 53 54 55 12 56 26 57 5 58 27 59 13 
915:       RR queue: 60 
925:       FCFS queue: 28 14 29 30 31 32 6 33 15 34 3 35 16 36 7 37 17 38 18 39 40 41 42 19 43 20 44 21 45 9 46 22 47 10 48 23 49 11 50 24 51 25 52 53 54 55 12 56 26 57 5 58 27 59 13 60 
925:       FCFS queue: 28 14 29 30 31 32 6 33 15 34 3 35 16 36 7 37 17 38 18 39 40 41 42 19 43 20 44 21 45 9 46 22 47 10 48 23 49 11 50 24 51 25 52 53 54 55 12 56 26 57 5 58 27 59 13 60 
930:       RR queue: 61 
930:       FCFS queue: 14 29 30 31 32 6 33 15 34 3 35 16 36 7 37 17 38 18 39 40 41 42 19 43 20 44 21 45 9 46 22 47 10 48 23 49 11 50 24 51 25 52 53 54 55 12 56 26 57 5 58 27 59 13 60 28 
930:       RR queue: 61 
940:       FCFS queue: 14 29 30 31 32 6 33 15 34 3 35 16 36 7 37 17 38 18 39 40 41 42 19 43 20 44 21 45 9 46 22 47 10 48 23 49 11 50 24 51 25 52 53 54 55 12 56 26 57 5 58 27 59 13 60 28 61 
940:       FCFS queue: 14 29 30 31 32 6 33 15 34 3 35 16 36 7 37 17 38 18 39 40 41 42 19 43 20 44 21 45 9 46 22 47 10 48 23 49 11 50 24 51 25 52 53 54 55 12 56 26 57 5 58 27 59 13 60 28 61 
945:       RR queue: 62 
945:       FCFS queue: 29 30 31 32 6 33 15 34 3 35 16 36 7 37 17 38 18 39 40 41 42 19 43 20 44 21 45 9 46 22 47 10 48 23 49 11 50 24 51 25 52 53 54 55 12 56 26 57 5 58 27 59 13 60 28 61 
960:       RR queue: 62 63 
960:       FCFS queue: 30 31 32 6 33 15 34 3 35 16 36 7 37 17 38 18 39 40 41 42 19 43 20 44 21 45 9 46 22 47 10 48 23 49 11 50 24 51 25 52 53 54 55 12 56 26 57 5 58 27 59 13 60 28 61 29 
960:       RR queue: 62 63 
970:       FCFS queue: 30 31 32 6 33 15 34 3 35 16 36 7 37 17 38 18 39 40 41 42 19 43 20 44 21 45 9 46 22 47 10 48 23 49 11 50 24 51 25 52 53 54 55 12 56 26 57 5 58 27 59 13 60 28 61 29 62 
970:       RR queue: 63 
975:       RR queue: 64 
980:       FCFS queue: 30 31 32 6 33 15 34 3 35 16 36 7 37 17 38 18 39 40 41 42 19 43 20 44 21 45 9 46 22 47 10 48 23 49 11 50 24 51 25 52 53 54 55 12 56 26 57 5 58 27 59 13 60 28 61 29 62 63 
980:       RR queue: 64 
990:       RR queue: 65 
990:       FCFS queue: 30 31 32 6 33 15 34 3 35 16 36 7 37 17 38 18 39 40 41 42 19 43 20 44 21 45 9 46 22 47 10 48 23 49 11 50 24 51 25 52 53 54 55 12 56 26 57 5 58 27 59 13 60 28 61 29 62 63 64 
990:       RR queue: 65 
